MIMAT0004502,2.001
MIMAT0004501,1.346
MIMAT0002844,3.115
MIMAT0002843,1.465
MIMAT0002824,6.045
MIMAT0002823,2.133
MIMAT0002807,4.964
MIMAT0002806,3.117
MIMAT0001635,2.789
MIMAT0001631,5.341
MIMAT0005890,2.594
MIMAT0005889,2.613
MIMAT0005873,-1.019
MIMAT0005872,2.792
MIMAT0004591,-1.091
MIMAT0004590,0.616
MIMAT0000232, MIMAT0004563,0.400
MIMAT0004562,-0.228
MIMAT0004518,0.808
MIMAT0004517,2.807
MIMAT0016907,11.245
MIMAT0016901,7.656
MIMAT0014994,1.340
MIMAT0016913,2.945
MIMAT0011777,3.962
MIMAT0011775,3.992
MIMAT0005924,-3.400
MIMAT0005923,-3.400
MIMAT0005906,2.663
MIMAT0005905,5.188
MIMAT0018939,1.953
MIMAT0019949,2.826
MIMAT0019764,0.217
MIMAT0019200,-3.400
MIMAT0019837,4.678
MIMAT0019204,-3.400
MIMAT0019811,-3.400
MIMAT0019358,-3.400
MIMAT0015068,0.776
MIMAT0015066,1.428
MIMAT0019017,4.177
MIMAT0019064,7.754
MIMAT0021125,2.534
MIMAT0021124,4.196
MIMAT0021079,2.131
MIMAT0021046,-3.400
MIMAT0019037,-3.400
MIMAT0019981,-3.400
MIMAT0019982,-3.400
MIMAT0019980,-3.400
MIMAT0019825,2.420
MIMAT0019725,2.396
MIMAT0026555,2.463
MIMAT0026554,2.687
MIMAT0026472,2.250
MIMAT0022700,-3.400
MIMAT0025846,5.622
MIMAT0025845,2.905
MIMAT0022282,1.489
MIMAT0022281,1.485
MIMAT0022266,0.796
MIMAT0022265,1.133
MIMAT0027560,4.295
MIMAT0027559,3.530
MIMAT0027544,3.976
MIMAT0027543,2.588
MIMAT0027528,2.916
MIMAT0027527,4.540
MIMAT0027512,6.148
MIMAT0027511,7.739
MIMAT0026617,-3.400
MIMAT0026616,-0.679
MIMAT0032116,5.907
MIMAT0031892,1.082
MIMAT0031016,6.601
MIMAT0031015,2.401
MIMAT0031000,5.510
MIMAT0030999,12.822
MIMAT0030984,0.460
MIMAT0030983,-3.400
MIMAT0002861,3.369
MIMAT0002860, MIMAT0006778,2.908
MIMAT0000264,2.220
MIMAT0000263,3.163
MIMAT0000231,3.940
MIMAT0000228,4.312
MIMAT0000093,4.072
MIMAT0000092,5.740
MIMAT0000076,4.069
MIMAT0000075,2.249
MIMAT0004676,3.725
MIMAT0004675,-3.400
MIMAT0004607,3.315
MIMAT0004606,1.920
MIMAT0003233,2.967
MIMAT0003232,2.659
MIMAT0003215,2.800
MIMAT0003214,3.293
MIMAT0002878,2.981
MIMAT0002877,4.641
MIMAT0007889,4.525
MIMAT0007888,6.171
MIMAT0006790,4.019
MIMAT0006789,3.024
MIMAT0005942,3.864
MIMAT0005941,1.426
MIMAT0004762,7.712
MIMAT0004761,5.611
MIMAT0004694,5.049
MIMAT0004693,3.769
MIMAT0018072,5.170
MIMAT0018071,3.124
MIMAT0017996,4.991
MIMAT0017995,1.192
MIMAT0017950,1.097
MIMAT0017392,2.069
MIMAT0016921,4.240
MIMAT0015054,4.371
MIMAT0014999,3.158
MIMAT0016899,2.977
MIMAT0018950,-3.400
MIMAT0019052,3.712
MIMAT0019966,2.724
MIMAT0019767,2.624
MIMAT0019826,4.496
MIMAT0019818,2.395
MIMAT0018954,0.594
MIMAT0018938,-3.400
MIMAT0019976,1.732
MIMAT0019961,2.135
MIMAT0019828,2.462
MIMAT0019714,2.956
MIMAT0022494,-3.400
MIMAT0022493,-3.400
MIMAT0022478,1.195
MIMAT0022476,-3.400
MIMAT0022298,0.415
MIMAT0022297,3.656
MIMAT0019926,0.944
MIMAT0019878,11.960
MIMAT0018986,4.775
MIMAT0019962,2.812
MIMAT0027368,3.646
MIMAT0027367,-3.400
MIMAT0027345,3.094
MIMAT0027103,4.233
MIMAT0026743,2.301
MIMAT0026742,2.454
MIMAT0026641,1.330
MIMAT0026640,2.109
MIMAT0022698,5.273
MIMAT0022697,2.374
MIMAT0027624,4.884
MIMAT0027623,6.901
MIMAT0027608,-3.400
MIMAT0027607,3.301
MIMAT0027592,5.092
MIMAT0027591,5.517
MIMAT0027576,4.276
MIMAT0027575,8.865
MIMAT0004498,3.771
MIMAT0004497,-3.400
MIMAT0002840,2.979
MIMAT0002839,1.860
MIMAT0002820,1.819
MIMAT0002819,3.602
MIMAT0002178,-1.844
MIMAT0002177,6.726
MIMAT0001627,1.499
MIMAT0001625,2.184
MIMAT0005885,2.930
MIMAT0005884,-3.343
MIMAT0005869,2.805
MIMAT0005868,2.823
MIMAT0004587,-3.400
MIMAT0004586,1.530
MIMAT0004559,1.131
MIMAT0004558,2.953
MIMAT0004514,0.666
MIMAT0004513,2.750
MIMAT0015049,5.656
MIMAT0015086,1.738
MIMAT0016920,0.337
MIMAT0016908,1.368
MIMAT0016862,2.714
MIMAT0015027,2.077
MIMAT0005920,1.813
MIMAT0005919,-3.400
MIMAT0005902,1.997
MIMAT0005901,5.829
MIMAT0019021,4.619
MIMAT0018995,2.666
MIMAT0019707,4.588
MIMAT0019977,2.139
MIMAT0019722,3.798
MIMAT0019846,4.490
MIMAT0019943,-1.055
MIMAT0019026,-3.400
MIMAT0015033,1.965
MIMAT0015007,1.040
MIMAT0019008,3.804
MIMAT0019053,12.595
MIMAT0021121,3.655
MIMAT0021120,4.332
MIMAT0021043,5.542
MIMAT0021042,2.512
MIMAT0019361,-3.400
MIMAT0019813,0.714
MIMAT0019971,1.081
MIMAT0018990,0.643
MIMAT0019781,3.060
MIMAT0019940,5.281
MIMAT0026484,2.615
MIMAT0026483,2.485
MIMAT0025858,2.842
MIMAT0025857,1.318
MIMAT0025842,3.335
MIMAT0025841,1.536
MIMAT0022278,0.944
MIMAT0022277,2.252
MIMAT0022260,7.170
MIMAT0022259,9.944
MIMAT0027556,3.031
MIMAT0027555,3.784
MIMAT0027540,7.700
MIMAT0027539,4.712
MIMAT0027524,4.966
MIMAT0027523,2.445
MIMAT0027508,2.331
MIMAT0027507,5.296
MIMAT0026613,0.263
MIMAT0026612,5.027
MIMAT0035703,2.972
MIMAT0031181,-3.400
MIMAT0031012,3.736
MIMAT0031011,2.178
MIMAT0030996,12.980
MIMAT0030995,0.020
MIMAT0030980,2.151
MIMAT0030979,5.259
MIMAT0002856,2.100
MIMAT0002855,3.070
MIMAT0000260,0.479
MIMAT0000259,0.877
MIMAT0000222,2.940
MIMAT0000104,2.952
MIMAT0000089,2.678
MIMAT0000088,1.342
MIMAT0000071,2.602
MIMAT0000070,2.492
MIMAT0004672,3.109
MIMAT0004671,2.912
MIMAT0004603,2.267
MIMAT0004602,7.301
MIMAT0003228,5.227
MIMAT0003227,-2.087
MIMAT0003164,-3.400
MIMAT0003163,-3.400
MIMAT0002874,1.189
MIMAT0002873,-3.400
MIMAT0007885,2.538
MIMAT0007884,5.145
MIMAT0006764,2.065
MIMAT0005956,-3.400
MIMAT0005937,2.123
MIMAT0005936,-3.400
MIMAT0004751,3.950
MIMAT0004749,1.050
MIMAT0004689,1.181
MIMAT0004688,0.148
MIMAT0018068,11.742
MIMAT0018065,3.916
MIMAT0017992,4.227
MIMAT0017991,2.151
MIMAT0015025,-3.400
MIMAT0015038,-0.527
MIMAT0014989,3.619
MIMAT0015005,1.281
MIMAT0016872,-3.400
MIMAT0016860,-0.696
MIMAT0019735,2.899
MIMAT0019218,4.660
MIMAT0018942,-1.945
MIMAT0019917,-0.651
MIMAT0019067,-3.400
MIMAT0019804,1.033
MIMAT0019068,2.392
MIMAT0019207,1.484
MIMAT0018982,-3.400
MIMAT0019848,3.494
MIMAT0019791,7.939
MIMAT0019716,1.502
MIMAT0022490,0.430
MIMAT0022489,1.632
MIMAT0022473,2.170
MIMAT0022472,-3.400
MIMAT0022294,1.028
MIMAT0022293,1.301
MIMAT0019835,5.836
MIMAT0019047,-3.400
MIMAT0019867,5.477
MIMAT0019692,1.105
MIMAT0027364,4.013
MIMAT0027363,4.200
MIMAT0027038,10.403
MIMAT0027037,3.501
MIMAT0026739,-3.400
MIMAT0026738,-1.473
MIMAT0026637,3.821
MIMAT0026636,3.295
MIMAT0022694,5.754
MIMAT0022693,13.011
MIMAT0027620,6.039
MIMAT0027619,4.865
MIMAT0027604,0.146
MIMAT0027603,4.153
MIMAT0027588,2.205
MIMAT0027587,0.862
MIMAT0027572,9.883
MIMAT0027571,3.166
MIMAT0004494,1.986
MIMAT0004493,-3.400
MIMAT0002836,1.859
MIMAT0002834,2.645
MIMAT0002816,5.283
MIMAT0002815,2.038
MIMAT0002174,4.257
MIMAT0002173,4.426
MIMAT0001618,2.038
MIMAT0001545,3.016
MIMAT0005881,2.452
MIMAT0005880,2.838
MIMAT0005865,6.340
MIMAT0005863,3.107
MIMAT0004571,-3.400
MIMAT0004570,2.955
MIMAT0004555,-3.400
MIMAT0004554,2.251
MIMAT0004510,2.468
MIMAT0004509,0.364
MIMAT0016896,3.901
MIMAT0015017,3.066
MIMAT0015003,0.345
MIMAT0002830,-2.236
MIMAT0015010,7.316
MIMAT0016894,0.220
MIMAT0005916,-3.400
MIMAT0005915,2.724
MIMAT0005898,4.887
MIMAT0005897,2.747
MIMAT0019843,3.664
MIMAT0019225,3.118
MIMAT0018926,1.446
MIMAT0018932,3.372
MIMAT0019224,0.389
MIMAT0019965,3.219
MIMAT0019819,1.850
MIMAT0019857,0.876
MIMAT0016912,-0.496
MIMAT0014984,4.307
MIMAT0018985,7.652
MIMAT0018967,6.114
MIMAT0021117,2.899
MIMAT0021116,-3.400
MIMAT0021039,5.453
MIMAT0021038,6.290
MIMAT0019829,2.256
MIMAT0019043,5.624
MIMAT0020603,4.166
MIMAT0019717,3.112
MIMAT0019842,1.899
MIMAT0020602,2.843
MIMAT0026480,3.211
MIMAT0026479,2.095
MIMAT0025854,8.522
MIMAT0025853,4.849
MIMAT0025485,2.271
MIMAT0025484,1.766
MIMAT0022274,2.066
MIMAT0022273,-1.446
MIMAT0022256,0.048
MIMAT0022255,3.444
MIMAT0027552,5.502
MIMAT0027551,5.351
MIMAT0027536,-3.400
MIMAT0027535,2.723
MIMAT0027520,4.331
MIMAT0027519,3.522
MIMAT0027504,7.805
MIMAT0027503,4.602
MIMAT0026609,2.362
MIMAT0026608,3.430
MIMAT0031178,7.364
MIMAT0031177,1.488
MIMAT0031008,1.537
MIMAT0031007,2.053
MIMAT0030992,0.540
MIMAT0030991,4.385
MIMAT0030429,4.072
MIMAT0030428,2.971
MIMAT0002852, MIMAT0002857,1.501
MIMAT0002851,2.700
MIMAT0000256,3.060
MIMAT0000255,1.226
MIMAT0000101,0.918
MIMAT0000100,3.197
MIMAT0000085,3.156
MIMAT0000084,0.889
MIMAT0000067,2.225
MIMAT0000066,-3.400
MIMAT0004615,2.785
MIMAT0004614,2.753
MIMAT0004599,1.009
MIMAT0004598,-3.400
MIMAT0003223,1.058
MIMAT0003222,-3.400
MIMAT0002891,1.170
MIMAT0002890,1.912
MIMAT0002870,-3.400
MIMAT0002869,-3.400
MIMAT0007881,12.305
MIMAT0007402,-3.400
MIMAT0005952,2.493
MIMAT0005951,5.302
MIMAT0005933,-3.400
MIMAT0005932,-3.400
MIMAT0004702,1.690
MIMAT0004701,0.428
MIMAT0004685,-3.400
MIMAT0004683,-3.400
MIMAT0018004,4.158
MIMAT0018003,5.603
MIMAT0017988,-3.400
MIMAT0017987,4.177
MIMAT0016914,2.069
MIMAT0015058,9.004
MIMAT0016917,2.531
MIMAT0014996,6.058
MIMAT0015011,-3.400
MIMAT0015048,3.026
MIMAT0019808,6.912
MIMAT0019896,1.920
MIMAT0019973,-3.400
MIMAT0019220,-3.400
MIMAT0019872,-3.400
MIMAT0019951,-3.400
MIMAT0019005,-3.400
MIMAT0019799,2.315
MIMAT0019918,-3.400
MIMAT0019784,-3.400
MIMAT0019745,-3.400
MIMAT0019041,8.665
MIMAT0022486,0.339
MIMAT0022485,-3.400
MIMAT0022469,0.610
MIMAT0022468,-3.400
MIMAT0022290,2.669
MIMAT0022289,-0.141
MIMAT0019360,-3.400
MIMAT0019948,1.669
MIMAT0019761,-3.400
MIMAT0019873,0.682
MIMAT0027360,5.506
MIMAT0027359,12.944
MIMAT0027027,3.991
MIMAT0027026,4.750
MIMAT0026735,1.751
MIMAT0026734,2.237
MIMAT0026625,-0.666
MIMAT0026624,-3.400
MIMAT0022502,-1.356
MIMAT0022501,-3.400
MIMAT0032026,-1.338
MIMAT0027616,7.818
MIMAT0027615,3.191
MIMAT0027600,11.465
MIMAT0027599,3.631
MIMAT0027584,-3.400
MIMAT0027583,7.479
MIMAT0027568,3.622
MIMAT0027567,3.524
MIMAT0004490,2.354
MIMAT0004489,0.178
MIMAT0002828,3.418
MIMAT0002827,1.732
MIMAT0002811,1.808
MIMAT0002810,0.105
MIMAT0002170,1.427
MIMAT0001639,2.849
MIMAT0001532,-1.381
MIMAT0001413,2.136
MIMAT0005877,-3.400
MIMAT0005876,3.704
MIMAT0005827,3.810
MIMAT0005826,6.271
MIMAT0004567,-3.400
MIMAT0004566,-2.219
MIMAT0004550,-3.400
MIMAT0004549,-3.400
MIMAT0004506,-3.400
MIMAT0004505,-2.696
MIMAT0016886,1.622
MIMAT0015082,10.441
MIMAT0013771,-0.148
MIMAT0012735,6.588
MIMAT0016881,3.201
MIMAT0015057,4.672
MIMAT0005912,1.082
MIMAT0005909,-3.400
MIMAT0005894,-3.400
MIMAT0005893,0.904
MIMAT0019748,0.002
MIMAT0019968,-3.400
MIMAT0019228,0.756
MIMAT0019892,5.195
MIMAT0018949,7.237
MIMAT0019897,-1.151
MIMAT0018988,-3.400
MIMAT0019762,0.321
MIMAT0015083,1.898
MIMAT0015019,5.215
MIMAT0019836,5.622
MIMAT0019073,6.868
MIMAT0021084,1.729
MIMAT0021083,0.940
MIMAT0021035,-3.400
MIMAT0021034,2.195
MIMAT0019942,1.437
MIMAT0019801,-1.293
MIMAT0019075,4.275
MIMAT0019932,2.641
MIMAT0018929,7.952
MIMAT0019922,2.940
MIMAT0026476,-3.400
MIMAT0026475,5.494
MIMAT0025850,-3.400
MIMAT0025849,-3.400
MIMAT0025481,2.478
MIMAT0025480,-3.400
MIMAT0022270,-3.400
MIMAT0022269,-3.400
MIMAT0021129,4.512
MIMAT0021128,5.762
MIMAT0027548,6.250
MIMAT0027547,4.135
MIMAT0027532,10.678
MIMAT0027531,2.612
MIMAT0027516,6.702
MIMAT0027515,2.033
MIMAT0027500,8.710
MIMAT0027499,3.543
MIMAT0026605,-2.035
MIMAT0026559,1.581
MIMAT0031120,4.529
MIMAT0031119,5.134
MIMAT0031004,3.515
MIMAT0031003,-3.400
MIMAT0030988,-3.400
MIMAT0030987,2.745
MIMAT0030425,1.154
MIMAT0030424,1.861
MIMAT0002848,1.170
MIMAT0002847,1.854
MIMAT0000251,1.979
MIMAT0000245,3.670
MIMAT0000097,2.429
MIMAT0000096,-3.400
MIMAT0000080,5.601
MIMAT0000079,1.839
MIMAT0000063,3.030
MIMAT0000062,-3.400
MIMAT0004611,3.761
MIMAT0004610,6.034
MIMAT0004595,7.471
MIMAT0004594,-3.400
MIMAT0003219,0.029
MIMAT0003218,3.538
MIMAT0002882,1.181
MIMAT0002881,0.946
MIMAT0002866,-3.400
MIMAT0002864,-1.091
MIMAT0007399,-3.400
MIMAT0007349,3.877
MIMAT0005948,-3.400
MIMAT0005945,-3.400
MIMAT0005929,6.991
MIMAT0005928,-3.400
MIMAT0004698,-3.400
MIMAT0004697,0.422
MIMAT0004680,1.239
MIMAT0004679,5.010
MIMAT0018000,-3.400
MIMAT0017999,2.497
MIMAT0017984,-3.400
MIMAT0017983,-3.400
MIMAT0014981,-3.400
MIMAT0016858,1.547
MIMAT0016850,-3.400
MIMAT0016893,1.181
MIMAT0015060,-3.400
MIMAT0007892,10.970
MIMAT0019925,3.290
MIMAT0019810,5.524
MIMAT0019199,-3.400
MIMAT0019744,3.819
MIMAT0019832,-3.400
MIMAT0019805,-3.400
MIMAT0019070,1.760
MIMAT0019894,2.501
MIMAT0019232,-1.401
MIMAT0019223,1.042
MIMAT0019236,2.059
MIMAT0019862,5.674
MIMAT0022482,-3.400
MIMAT0022481,0.081
MIMAT0022302,-1.899
MIMAT0022301,-3.400
MIMAT0022286,2.797
MIMAT0022285,-3.400
MIMAT0019785,-3.400
MIMAT0019954,-1.122
MIMAT0019796,2.121
MIMAT0019864,4.110
MIMAT0027356,5.012
MIMAT0027355,12.283
MIMAT0026916,6.493
MIMAT0026765,-3.400
MIMAT0026720,4.171
MIMAT0026719,-3.400
MIMAT0026621,-1.719
MIMAT0026620,-1.416
MIMAT0022498,-2.094
MIMAT0022497,0.810
MIMAT0033692,4.814
MIMAT0035704,-3.400
MIMAT0027612,1.256
MIMAT0027611,-3.400
MIMAT0027596,7.341
MIMAT0027595,0.479
MIMAT0027580,3.927
MIMAT0027579,-3.400
MIMAT0027564,-3.400
MIMAT0027563,3.468
MIMAT0003314,3.140
MIMAT0003313,2.062
MIMAT0001341,0.979
MIMAT0001340,2.915
MIMAT0000758,2.695
MIMAT0000757,3.284
MIMAT0000729,1.962
MIMAT0000728,2.921
MIMAT0000707,1.619
MIMAT0000705,2.809
MIMAT0004985,2.666
MIMAT0004984,3.075
MIMAT0004959,0.718
MIMAT0004958,-3.400
MIMAT0004486,2.755
MIMAT0004485,-3.400
MIMAT0003881,4.027
MIMAT0003880,6.182
MIMAT0003330,2.889
MIMAT0003329,2.805
MIMAT0016852,5.774
MIMAT0009201,1.259
MIMAT0010313,13.299
MIMAT0010251,-0.057
MIMAT0016888,1.963
MIMAT0000270,-3.400
MIMAT0005823,0.549
MIMAT0005800,-0.641
MIMAT0005589,5.007
MIMAT0005588,4.782
MIMAT0019883,4.831
MIMAT0019750,1.059
MIMAT0019861,0.588
MIMAT0019359,-0.063
MIMAT0018935,1.527
MIMAT0000724,-3.400
MIMAT0018351,-0.659
MIMAT0018350,1.377
MIMAT0016909,5.061
MIMAT0000735,3.392
MIMAT0019726,2.361
MIMAT0019357,3.067
MIMAT0019039,0.938
MIMAT0016918,0.309
MIMAT0019733,-3.400
MIMAT0019865,2.742
MIMAT0020601,4.985
MIMAT0019020,7.964
MIMAT0018952,-3.400
MIMAT0019780,-3.400
MIMAT0019803,-3.400
MIMAT0019703,2.655
MIMAT0025461,-3.400
MIMAT0025460,0.674
MIMAT0024615,8.489
MIMAT0024614,1.145
MIMAT0023708,3.024
MIMAT0023707,0.832
MIMAT0021029,-3.400
MIMAT0021028,2.776
MIMAT0020956,5.044
MIMAT0020925,3.734
MIMAT0027496,11.072
MIMAT0027495,4.776
MIMAT0027480,4.859
MIMAT0027479,3.870
MIMAT0027464,6.106
MIMAT0027463,1.830
MIMAT0027448,6.730
MIMAT0027447,2.930
MIMAT0025477,1.380
MIMAT0025476,6.072
MIMAT0030421,5.417
MIMAT0030420,7.175
MIMAT0029782,6.120
MIMAT0029310,0.661
MIMAT0028221,3.753
MIMAT0028220,5.152
MIMAT0028121,5.250
MIMAT0028120,4.782
MIMAT0003249,3.328
MIMAT0003248,3.642
MIMAT0000617,2.681
MIMAT0000510,4.867
MIMAT0000447,3.665
MIMAT0000446,3.043
MIMAT0000430,3.381
MIMAT0000429,2.449
MIMAT0000414,2.817
MIMAT0000318,3.299
MIMAT0004805,2.541
MIMAT0004804,6.118
MIMAT0004780,5.000
MIMAT0004779,-3.400
MIMAT0003298,4.423
MIMAT0003297,2.608
MIMAT0003282,7.959
MIMAT0003281,1.030
MIMAT0003266,2.663
MIMAT0003265,2.152
MIMAT0016875,4.852
MIMAT0016906,4.611
MIMAT0015077,1.398
MIMAT0000243,1.786
MIMAT0016890,2.313
MIMAT0015008,1.541
MIMAT0004928,-3.400
MIMAT0004927,0.865
MIMAT0004910,1.714
MIMAT0004909,-3.400
MIMAT0018193,3.226
MIMAT0018192,5.626
MIMAT0018164,2.783
MIMAT0018122,2.188
MIMAT0018107,1.575
MIMAT0018106,1.134
MIMAT0018088,0.851
MIMAT0018087,13.448
MIMAT0016855,-0.563
MIMAT0015029,3.022
MIMAT0019759,3.243
MIMAT0018930,3.634
MIMAT0019723,7.421
MIMAT0018953,3.679
MIMAT0019768,2.426
MIMAT0019704,2.289
MIMAT0019715,10.836
MIMAT0019871,9.506
MIMAT0019860,1.223
MIMAT0019880,3.058
MIMAT0019850,4.760
MIMAT0019902,1.886
MIMAT0022942,7.400
MIMAT0022941,9.631
MIMAT0022839,4.258
MIMAT0022838,7.265
MIMAT0022722, MIMAT0022733, MIMAT0022739,2.181
MIMAT0022721,6.375
MIMAT0019753,-3.400
MIMAT0019234,-0.007
MIMAT0019231,2.422
MIMAT0019010,2.789
MIMAT0027432,5.826
MIMAT0027431,6.632
MIMAT0027416,3.155
MIMAT0027415,2.554
MIMAT0027400,4.186
MIMAT0027399,5.333
MIMAT0027384,4.710
MIMAT0027383,7.032
MIMAT0023252,13.548
MIMAT0023116,6.672
MIMAT0027688,5.415
MIMAT0027687,4.742
MIMAT0027672,3.939
MIMAT0027671,4.908
MIMAT0027656,3.242
MIMAT0027655,5.471
MIMAT0027640,7.731
MIMAT0027639,3.023
MIMAT0003310,3.051
MIMAT0003309,3.315
MIMAT0001075,3.547
MIMAT0000773,5.072
MIMAT0000754,1.624
MIMAT0000753,3.857
MIMAT0000725,5.867
MIMAT0000723,3.427
MIMAT0000692,1.814
MIMAT0000691,3.319
MIMAT0004981,3.097
MIMAT0004980,3.867
MIMAT0004955,2.644
MIMAT0004954,3.230
MIMAT0004481,-3.400
MIMAT0004450,0.568
MIMAT0003389,1.184
MIMAT0003386,2.553
MIMAT0003326,10.235
MIMAT0003325,2.488
MIMAT0016859,-3.400
MIMAT0009197,1.769
MIMAT0009451,5.452
MIMAT0009203,4.577
MIMAT0000081,1.631
MIMAT0000073,0.713
MIMAT0005797,2.803
MIMAT0005796,-2.236
MIMAT0005583,6.164
MIMAT0005582,12.084
MIMAT0019822,3.547
MIMAT0019693,2.202
MIMAT0019736,1.425
MIMAT0018447, MIMAT0022730,0.135
MIMAT0018444,8.017
MIMAT0018443,1.059
MIMAT0018205,6.725
MIMAT0018204,0.365
MIMAT0011162,2.266
MIMAT0011161,4.589
MIMAT0019740,5.917
MIMAT0018962,3.340
MIMAT0019760,1.990
MIMAT0019001,1.389
MIMAT0018974,2.331
MIMAT0019812,3.976
MIMAT0019065,4.458
MIMAT0019082,5.054
MIMAT0019884,4.069
MIMAT0019909,2.674
MIMAT0019048,-3.400
MIMAT0019746,2.023
MIMAT0025457,2.367
MIMAT0025456,2.038
MIMAT0024611,-3.400
MIMAT0024610,4.594
MIMAT0023704,1.616
MIMAT0023703,1.974
MIMAT0021025,1.203
MIMAT0021024,3.170
MIMAT0015073,2.404
MIMAT0009199,6.083
MIMAT0027492,4.408
MIMAT0027491,4.335
MIMAT0027476,2.930
MIMAT0027475,4.461
MIMAT0027460,4.400
MIMAT0027459,4.025
MIMAT0027444,4.835
MIMAT0027443,3.979
MIMAT0025473,1.830
MIMAT0025472,3.499
MIMAT0030417,-1.298
MIMAT0030416,3.556
MIMAT0028233,2.194
MIMAT0028232,2.429
MIMAT0028217,1.813
MIMAT0028216,2.055
MIMAT0028117,7.991
MIMAT0028116,5.064
MIMAT0003245,2.409
MIMAT0003244,0.484
MIMAT0000460,3.125
MIMAT0000459,1.955
MIMAT0000443,3.837
MIMAT0000442,0.107
MIMAT0000426,3.676
MIMAT0000425,2.434
MIMAT0000279,3.305
MIMAT0000278,3.360
MIMAT0004801,1.628
MIMAT0004800,5.543
MIMAT0004776,1.681
MIMAT0004775,1.064
MIMAT0003294,1.043
MIMAT0003293,1.786
MIMAT0003278,2.298
MIMAT0003277,0.701
MIMAT0003261,2.097
MIMAT0003260,1.484
MIMAT0016869,1.008
MIMAT0015085,-0.790
MIMAT0015041,7.308
MIMAT0014990,3.367
MIMAT0015046,1.906
MIMAT0015016,-3.400
MIMAT0004924,-3.400
MIMAT0004923,2.159
MIMAT0004902,1.785
MIMAT0004901,1.415
MIMAT0018189,1.948
MIMAT0018188,-2.776
MIMAT0018119,2.326
MIMAT0018118,2.574
MIMAT0018103,3.334
MIMAT0018102,1.256
MIMAT0018084,4.497
MIMAT0018083,0.785
MIMAT0016902,-3.400
MIMAT0015018,-3.400
MIMAT0019700,4.172
MIMAT0018956,2.837
MIMAT0019821,3.040
MIMAT0019849,6.839
MIMAT0019985,3.696
MIMAT0019853,5.986
MIMAT0019919,4.413
MIMAT0019011,4.852
MIMAT0019071,10.724
MIMAT0019771,4.089
MIMAT0019221,3.159
MIMAT0018965,7.291
MIMAT0022938,7.641
MIMAT0022929,2.337
MIMAT0022741,-3.400
MIMAT0022737,-1.753
MIMAT0022717,4.563
MIMAT0022714,0.377
MIMAT0019958,4.418
MIMAT0020600,2.867
MIMAT0018958,3.389
MIMAT0019792,3.659
MIMAT0027428,2.686
MIMAT0027427,5.061
MIMAT0027412,7.647
MIMAT0027411,-3.400
MIMAT0027396,4.288
MIMAT0027395,4.699
MIMAT0027380,-3.400
MIMAT0027379,-3.400
MIMAT0022978,-3.259
MIMAT0022977,8.703
MIMAT0027684,4.365
MIMAT0027683,3.930
MIMAT0027668,2.452
MIMAT0027667,2.776
MIMAT0027652,3.432
MIMAT0027651,4.267
MIMAT0027636,1.608
MIMAT0027635,4.342
MIMAT0003306,5.159
MIMAT0003305,-2.423
MIMAT0000770,3.759
MIMAT0000765,-0.603
MIMAT0000750,2.062
MIMAT0000738,0.815
MIMAT0000720,2.167
MIMAT0000719,-3.400
MIMAT0000687,-3.400
MIMAT0000685,-3.400
MIMAT0004977,1.527
MIMAT0004976,2.800
MIMAT0004951,7.925
MIMAT0004950,4.050
MIMAT0003945,0.465
MIMAT0003888,4.845
MIMAT0003339,-3.400
MIMAT0003338,-3.400
MIMAT0003322,-3.400
MIMAT0003321,-3.400
MIMAT0016910,-3.400
MIMAT0000686,-3.400
MIMAT0009448,-3.400
MIMAT0009198,2.480
MIMAT0016854,2.693
MIMAT0016866,-3.400
MIMAT0005793,2.506
MIMAT0005792,2.766
MIMAT0005576,0.857
MIMAT0005573,6.388
MIMAT0019729,-3.400
MIMAT0019766,-3.400
MIMAT0019202,-3.400
MIMAT0019877,1.382
MIMAT0018359,1.470
MIMAT0018358,-3.400
MIMAT0018201,-3.400
MIMAT0018200,3.537
MIMAT0011158,-3.400
MIMAT0011157,0.686
MIMAT0019209,4.192
MIMAT0018992,1.595
MIMAT0019798,3.541
MIMAT0018961,6.738
MIMAT0016922,1.949
MIMAT0015036,6.677
MIMAT0019058,2.262
MIMAT0019956,13.648
MIMAT0019031,3.192
MIMAT0018975,-3.400
MIMAT0019911,-3.400
MIMAT0019738,3.372
MIMAT0025453,0.445
MIMAT0025452,2.103
MIMAT0024597,7.050
MIMAT0023715,13.020
MIMAT0023700,7.976
MIMAT0023699,-1.987
MIMAT0021021,8.077
MIMAT0021020,-3.400
MIMAT0015022,-3.400
MIMAT0020300,-0.211
MIMAT0027488,8.162
MIMAT0027487,3.329
MIMAT0027472,12.773
MIMAT0027471,3.636
MIMAT0027456,6.885
MIMAT0027455,5.131
MIMAT0027440,-3.400
MIMAT0027439,3.957
MIMAT0025469,-3.400
MIMAT0025468,1.758
MIMAT0030413,4.379
MIMAT0030412,-0.785
MIMAT0028229,-0.685
MIMAT0028228,-3.400
MIMAT0028213,1.980
MIMAT0028212,1.995
MIMAT0028113,9.454
MIMAT0028112,-3.400
MIMAT0003241,1.005
MIMAT0003240,7.724
MIMAT0000456,1.193
MIMAT0000455,1.012
MIMAT0000439,-3.400
MIMAT0000438,-3.400
MIMAT0000422,-0.833
MIMAT0000421,1.188
MIMAT0000273,-0.318
MIMAT0000272,-3.400
MIMAT0004797,-3.400
MIMAT0004796,-3.400
MIMAT0004772,-3.400
MIMAT0004770,0.104
MIMAT0003290,-3.400
MIMAT0003289,-3.400
MIMAT0003274,-3.400
MIMAT0003273,-1.389
MIMAT0003257,2.072
MIMAT0003256,1.590
MIMAT0015009,-3.400
MIMAT0015088,-3.400
MIMAT0014979,-3.400
MIMAT0015002,0.059
MIMAT0014995,3.306
MIMAT0016883,1.122
MIMAT0004920,-3.400
MIMAT0004919,0.671
MIMAT0004813,-3.400
MIMAT0004812,-3.400
MIMAT0018185,2.377
MIMAT0018184,-3.400
MIMAT0018115,0.915
MIMAT0018114,-3.400
MIMAT0018098,-3.400
MIMAT0018097,-3.400
MIMAT0018080,-3.400
MIMAT0018079,4.506
MIMAT0015089,1.674
MIMAT0015040,-3.400
MIMAT0019854,4.420
MIMAT0019002,-3.400
MIMAT0018994,10.722
MIMAT0019874,4.474
MIMAT0019217,0.933
MIMAT0019904,5.013
MIMAT0019198,1.339
MIMAT0018978,0.802
MIMAT0018981,8.583
MIMAT0019921,-3.400
MIMAT0019899,3.862
MIMAT0013517,-3.400
MIMAT0022924,3.887
MIMAT0022923,-3.400
MIMAT0020924,7.089
MIMAT0022732,3.695
MIMAT0022711,-3.400
MIMAT0022710,1.096
MIMAT0019915,-3.400
MIMAT0018940,-3.400
MIMAT0019066,-3.400
MIMAT0018973,0.987
MIMAT0027424,7.257
MIMAT0027423,3.962
MIMAT0027408,3.543
MIMAT0027407,3.739
MIMAT0027392,5.898
MIMAT0027391,-3.400
MIMAT0027376,2.984
MIMAT0027375,6.640
MIMAT0022967,7.938
MIMAT0022966,1.855
MIMAT0027680,3.136
MIMAT0027679,4.020
MIMAT0027664,-3.400
MIMAT0027663,2.851
MIMAT0027648,-0.076
MIMAT0027647,-0.072
MIMAT0027632,-3.400
MIMAT0027631,4.751
MIMAT0003302,1.092
MIMAT0003301,2.125
MIMAT0000762,2.911
MIMAT0000761,1.869
MIMAT0000734,-3.400
MIMAT0000733,-3.400
MIMAT0000716,3.433
MIMAT0000715,1.526
MIMAT0000682,0.807
MIMAT0000681,-2.532
MIMAT0004972,-3.400
MIMAT0004971,-3.400
MIMAT0004947,2.492
MIMAT0004946,-3.400
MIMAT0003885,-3.400
MIMAT0003884,-3.400
MIMAT0003335,1.538
MIMAT0003333,-3.400
MIMAT0003318,-3.400
MIMAT0003317,-3.400
MIMAT0010497,-3.400
MIMAT0010367,3.363
MIMAT0015080,12.202
MIMAT0000432,-3.400
MIMAT0016919,-0.414
MIMAT0016879,8.409
MIMAT0005788,1.268
MIMAT0005593,4.359
MIMAT0005458,2.948
MIMAT0002831, MIMAT0005449, MIMAT0005450, MIMAT0005451, MIMAT0005452, MIMAT0005454,0.176
MIMAT0019898,-3.400
MIMAT0019907,-3.400
MIMAT0019013,-3.400
MIMAT0019018,11.332
MIMAT0018355,-3.400
MIMAT0018354,-3.400
MIMAT0018197,-3.400
MIMAT0018196,-3.400
MIMAT0015045,-3.400
MIMAT0015023,3.533
MIMAT0019222,-3.400
MIMAT0019817,0.861
MIMAT0016856,-0.699
MIMAT0015087,3.258
MIMAT0019891,-3.400
MIMAT0019820,4.318
MIMAT0018960,8.580
MIMAT0019856,2.936
MIMAT0019779,5.419
MIMAT0018987,10.660
MIMAT0019756,10.026
MIMAT0019852,9.854
MIMAT0024782,4.632
MIMAT0024618,0.251
MIMAT0023712,12.060
MIMAT0023711,4.871
MIMAT0023696,-0.502
MIMAT0023695,-3.400
MIMAT0021017,-3.400
MIMAT0020959,-3.400
MIMAT0019895,-3.400
MIMAT0019230,-3.400
MIMAT0027484,5.189
MIMAT0027483,2.282
MIMAT0027468,12.911
MIMAT0027467,1.763
MIMAT0027452,5.024
MIMAT0027451,3.525
MIMAT0027436,9.617
MIMAT0027435,-3.400
MIMAT0025465,-3.400
MIMAT0025464,2.214
MIMAT0030020,-3.400
MIMAT0030019,13.633
MIMAT0028225,-3.400
MIMAT0028224,-3.400
MIMAT0028125,7.259
MIMAT0028124,6.046
MIMAT0028109,5.156
MIMAT0027691,3.485
MIMAT0003237,4.452
MIMAT0003236,-3.400
MIMAT0000451,1.789
MIMAT0000450,3.193
MIMAT0000435,-3.400
MIMAT0000434,-3.400
MIMAT0000418,3.759
MIMAT0000417,3.308
MIMAT0000268,2.770
MIMAT0000267,3.199
MIMAT0004793,-3.400
MIMAT0004792,8.360
MIMAT0004766,-0.231
MIMAT0004765,-3.400
MIMAT0003286,-3.400
MIMAT0003285,-3.400
MIMAT0003270,5.783
MIMAT0003269,-3.087
MIMAT0003253,-3.400
MIMAT0003252,-3.400
MIMAT0014987,-3.400
MIMAT0016877,-3.400
MIMAT0015014,-3.400
MIMAT0016882,4.409
MIMAT0015056,-3.400
MIMAT0015065,7.472
MIMAT0004916,-3.400
MIMAT0004913,-3.400
MIMAT0004809,-3.400
MIMAT0004808,4.258
MIMAT0018181, MIMAT0019007,-0.697
MIMAT0018179,3.323
MIMAT0018111,-3.400
MIMAT0018110,2.615
MIMAT0018093,-3.400
MIMAT0018091,-3.400
MIMAT0018076,11.326
MIMAT0018075,-0.046
MIMAT0016885,-3.400
MIMAT0016844,-3.400
MIMAT0019226,3.426
MIMAT0019206,2.489
MIMAT0018997,3.743
MIMAT0019914,-3.400
MIMAT0019728,-3.400
MIMAT0019790,-3.400
MIMAT0019696,2.959
MIMAT0019235,-3.400
MIMAT0019029,-3.400
MIMAT0019858,3.827
MIMAT0019003,6.925
MIMAT0019774,5.429
MIMAT0022844,1.516
MIMAT0022842,-3.400
MIMAT0022727,3.719
MIMAT0022726,4.150
MIMAT0022706,0.975
MIMAT0022705,-3.400
MIMAT0019215,4.402
MIMAT0019078,-3.400
MIMAT0019023,2.652
MIMAT0018971,6.762
MIMAT0027420,2.701
MIMAT0027419,4.325
MIMAT0027404,11.324
MIMAT0027403,2.849
MIMAT0027388,4.751
MIMAT0027387,9.694
MIMAT0027372,3.688
MIMAT0027371,4.169
MIMAT0022947,5.357
MIMAT0022946,12.666
MIMAT0027676,-3.400
MIMAT0027675,4.377
MIMAT0027660,7.028
MIMAT0027659,5.390
MIMAT0027644,2.026
MIMAT0027643,3.336
MIMAT0027628,-0.676
MIMAT0027627,1.864
MIMAT0004504,2.696
MIMAT0004503,1.741
MIMAT0002846,2.153
MIMAT0002845, MIMAT0005455, MIMAT0005456,2.595
MIMAT0002826,3.368
MIMAT0002825,2.645
MIMAT0002809,1.996
MIMAT0002808,2.964
MIMAT0001638,2.845
MIMAT0001636,2.430
MIMAT0005892,2.622
MIMAT0005891,4.154
MIMAT0005875,-0.230
MIMAT0005874,0.048
MIMAT0004593,1.977
MIMAT0004592,5.708
MIMAT0004565,-3.400
MIMAT0004564,2.475
MIMAT0004548,2.295
MIMAT0004543,2.932
MIMAT0015024,5.148
MIMAT0016867,3.625
MIMAT0015062,-3.400
MIMAT0016851,3.822
MIMAT0012734,8.526
MIMAT0011778,3.090
MIMAT0005926,3.710
MIMAT0005925,3.364
MIMAT0005908,2.975
MIMAT0005907,3.695
MIMAT0018963,3.721
MIMAT0019747,2.293
MIMAT0019028,0.438
MIMAT0019794,1.246
MIMAT0019046,-0.457
MIMAT0018934,2.167
MIMAT0019830,4.271
MIMAT0019908,1.431
MIMAT0016900,8.274
MIMAT0015378,3.143
MIMAT0018993,12.870
MIMAT0019815,5.886
MIMAT0021127,6.314
MIMAT0021126,1.721
MIMAT0021082,7.740
MIMAT0021081,-3.400
MIMAT0019227,3.880
MIMAT0019793,4.571
MIMAT0019840,-3.400
MIMAT0019694,-0.406
MIMAT0019363,1.076
MIMAT0019362,3.085
MIMAT0026558,2.826
MIMAT0026557,-3.400
MIMAT0026474,4.486
MIMAT0026473,-1.365
MIMAT0025848,5.138
MIMAT0025847,4.583
MIMAT0022284,2.407
MIMAT0022283,2.475
MIMAT0022268,-3.400
MIMAT0022267,2.698
MIMAT0027562,5.258
MIMAT0027561,3.836
MIMAT0027546,2.951
MIMAT0027545,1.739
MIMAT0027530,4.408
MIMAT0027529,1.788
MIMAT0027514,4.965
MIMAT0027513,0.661
MIMAT0026619,0.587
MIMAT0026618,4.548
MIMAT0031890,1.653
MIMAT0032029,7.197
MIMAT0031095,9.772
MIMAT0031074,-0.290
MIMAT0031002,3.219
MIMAT0031001,3.021
MIMAT0030986,8.907
MIMAT0030985,2.027
MIMAT0002863,3.426
MIMAT0002862, MIMAT0005457,2.913
MIMAT0000266,3.472
MIMAT0000265,3.123
MIMAT0000244,3.540
MIMAT0000242,3.089
MIMAT0000095,-1.929
MIMAT0000094,2.132
MIMAT0000078,3.682
MIMAT0000077,3.840
MIMAT0004678,3.912
MIMAT0004677,3.127
MIMAT0004609,9.458
MIMAT0004608,1.946
MIMAT0003235,2.102
MIMAT0003234,2.539
MIMAT0003217,1.786
MIMAT0003216,1.455
MIMAT0002880,2.817
MIMAT0002879,-3.400
MIMAT0007891,4.454
MIMAT0007890,6.971
MIMAT0007348,5.771
MIMAT0007347,10.698
MIMAT0005944,3.082
MIMAT0005943,3.780
MIMAT0004764,2.606
MIMAT0004763,1.585
MIMAT0004696,4.145
MIMAT0004695,1.921
MIMAT0018074,3.006
MIMAT0018073,0.851
MIMAT0017998,2.177
MIMAT0017997,1.140
MIMAT0017982,3.288
MIMAT0017981,2.928
MIMAT0014978,1.992
MIMAT0015001,2.735
MIMAT0015053,3.589
MIMAT0016847,2.294
MIMAT0019913,8.913
MIMAT0019690,3.366
MIMAT0019967,3.318
MIMAT0019923,4.964
MIMAT0019213,4.288
MIMAT0019201,3.760
MIMAT0019787,3.050
MIMAT0019076,2.084
MIMAT0019863,2.259
MIMAT0019847,2.585
MIMAT0019978,4.970
MIMAT0019786,2.204
MIMAT0022496,3.762
MIMAT0022495,2.573
MIMAT0022480,2.362
MIMAT0022479,1.924
MIMAT0022300,2.608
MIMAT0022299,2.633
MIMAT0019945,4.638
MIMAT0019789,5.158
MIMAT0019063,1.297
MIMAT0019060,2.905
MIMAT0027370,4.639
MIMAT0027369,4.063
MIMAT0027354,5.436
MIMAT0027353,9.684
MIMAT0026749,2.411
MIMAT0026744,2.401
MIMAT0026718,5.338
MIMAT0026717,2.939
MIMAT0022702,3.616
MIMAT0022701,0.969
MIMAT0027626,5.342
MIMAT0027625,3.181
MIMAT0027610,3.962
MIMAT0027609,2.750
MIMAT0027594,3.887
MIMAT0027593,4.230
MIMAT0027578,4.070
MIMAT0027577,3.757
MIMAT0004500,3.673
MIMAT0004499,2.683
MIMAT0002842,1.987
MIMAT0002841,2.150
MIMAT0002822,3.556
MIMAT0002821,2.400
MIMAT0002805,1.803
MIMAT0002804,2.566
MIMAT0001630,2.681
MIMAT0001629,3.297
MIMAT0005887,1.125
MIMAT0005886,-3.400
MIMAT0005871,7.202
MIMAT0005870,0.746
MIMAT0004589,3.631
MIMAT0004588,0.850
MIMAT0004561,7.799
MIMAT0004560,2.640
MIMAT0004516,1.436
MIMAT0004515,2.967
MIMAT0015055,12.334
MIMAT0016871,0.333
MIMAT0016884,3.437
MIMAT0015063,2.710
MIMAT0011163,5.941
MIMAT0016897,4.815
MIMAT0005922,11.481
MIMAT0005921,-0.648
MIMAT0005904,-3.400
MIMAT0005903,0.324
MIMAT0018980,2.917
MIMAT0019888,4.664
MIMAT0019743,6.443
MIMAT0018937,2.321
MIMAT0019752,2.279
MIMAT0019939,3.893
MIMAT0019795,1.049
MIMAT0019936,0.879
MIMAT0015037,3.003
MIMAT0015051,0.423
MIMAT0019757,6.619
MIMAT0019027,10.486
MIMAT0021123,3.736
MIMAT0021122,-1.420
MIMAT0021045,1.933
MIMAT0021044,3.335
MIMAT0019773,0.324
MIMAT0013516,-3.400
MIMAT0019019,3.337
MIMAT0019983,2.899
MIMAT0019903,8.216
MIMAT0018957,1.476
MIMAT0026486,11.218
MIMAT0026485,1.199
MIMAT0021080,4.469
MIMAT0000732,2.539
MIMAT0025844,6.362
MIMAT0025843,1.847
MIMAT0022280,2.637
MIMAT0022279,1.407
MIMAT0022264,-3.400
MIMAT0022263,-3.400
MIMAT0027558,6.175
MIMAT0027557,0.999
MIMAT0027542,8.893
MIMAT0027541,4.044
MIMAT0027526,6.252
MIMAT0027525,3.814
MIMAT0027510,11.301
MIMAT0027509,5.294
MIMAT0026615,0.631
MIMAT0026614,3.092
MIMAT0035542,3.903
MIMAT0032114, MIMAT0032115,2.791
MIMAT0031014,2.850
MIMAT0031013,-0.796
MIMAT0030998,6.791
MIMAT0030997,2.472
MIMAT0030982,2.854
MIMAT0030981,1.822
MIMAT0002859,0.955
MIMAT0002858,1.553
MIMAT0000262,1.680
MIMAT0000261,1.480
MIMAT0000227,4.496
MIMAT0000226,2.122
MIMAT0000091,-3.400
MIMAT0000090,2.411
MIMAT0000074,2.703
MIMAT0000072,0.196
MIMAT0004674,5.349
MIMAT0004673,-3.400
MIMAT0004605,2.716
MIMAT0004604,2.463
MIMAT0003231,2.270
MIMAT0003230,2.677
MIMAT0003180,1.994
MIMAT0003165,1.469
MIMAT0002876,1.891
MIMAT0002875,-3.400
MIMAT0007887,2.176
MIMAT0007886,-0.286
MIMAT0006767,2.752
MIMAT0006765,4.542
MIMAT0005940,2.057
MIMAT0005939,5.566
MIMAT0004757,-3.400
MIMAT0004752,-3.400
MIMAT0004692,-3.400
MIMAT0004690,1.248
MIMAT0018070,1.574
MIMAT0018069,3.404
MIMAT0017994,3.300
MIMAT0017993,0.961
MIMAT0017352,4.157
MIMAT0015021,-0.347
MIMAT0015000,7.063
MIMAT0015064,8.552
MIMAT0015004,0.783
MIMAT0016916,5.384
MIMAT0019869,4.167
MIMAT0019831,5.731
MIMAT0019712,3.874
MIMAT0019765,2.766
MIMAT0019755,6.220
MIMAT0019851,0.557
MIMAT0019233,1.727
MIMAT0019708,4.693
MIMAT0019969,0.742
MIMAT0019689,2.175
MIMAT0018977,3.958
MIMAT0019022,13.036
MIMAT0022492,1.834
MIMAT0022491,6.238
MIMAT0022475,2.411
MIMAT0022474,-3.400
MIMAT0022296,2.797
MIMAT0022295,-2.222
MIMAT0019916,-0.417
MIMAT0019036,1.715
MIMAT0019751,-3.400
MIMAT0019955,3.535
MIMAT0027366,5.288
MIMAT0027365,8.774
MIMAT0027088,4.523
MIMAT0027041,3.686
MIMAT0026741,2.052
MIMAT0026740,3.163
MIMAT0026639,3.582
MIMAT0026638,2.475
MIMAT0022696,2.623
MIMAT0022695,2.657
MIMAT0027622,4.993
MIMAT0027621,4.178
MIMAT0027606,2.350
MIMAT0027605,2.432
MIMAT0027590,9.228
MIMAT0027589,0.387
MIMAT0027574,4.320
MIMAT0027573,4.396
MIMAT0004496,4.572
MIMAT0004495,-3.400
MIMAT0002838,-3.400
MIMAT0002837,0.462
MIMAT0002818,2.828
MIMAT0002817,1.211
MIMAT0002176,2.480
MIMAT0002175,3.330
MIMAT0001621,-3.040
MIMAT0001620,1.479
MIMAT0005883,-0.787
MIMAT0005882,-3.400
MIMAT0005867,7.715
MIMAT0005866,6.882
MIMAT0004585,1.321
MIMAT0004584,0.552
MIMAT0004557,0.320
MIMAT0004556,-3.400
MIMAT0004512,-3.400
MIMAT0004511,-3.400
MIMAT0016849,10.564
MIMAT0016889,8.644
MIMAT0014992,-3.400
MIMAT0002832,-3.400
MIMAT0015043,2.074
MIMAT0016911,-3.400
MIMAT0005918,-3.400
MIMAT0005917,-3.400
MIMAT0005900,-3.400
MIMAT0005899,4.200
MIMAT0019809,3.558
MIMAT0019050,5.461
MIMAT0018984,-3.400
MIMAT0018927,0.120
MIMAT0019705,-3.400
MIMAT0019866,1.086
MIMAT0019724,-0.187
MIMAT0019030,0.746
MIMAT0015044,-3.400
MIMAT0014988,-0.018
MIMAT0019219,7.382
MIMAT0019212,3.064
MIMAT0021119,0.078
MIMAT0021118,2.892
MIMAT0021041,-3.400
MIMAT0021040,3.192
MIMAT0019777,6.784
MIMAT0019950,-1.032
MIMAT0015081,-1.992
MIMAT0013515,-1.254
MIMAT0018933,1.242
MIMAT0019959,-3.400
MIMAT0026482,2.776
MIMAT0026481,3.857
MIMAT0025856,10.283
MIMAT0025855,1.806
MIMAT0025487,5.977
MIMAT0025486,5.104
MIMAT0022276,2.387
MIMAT0022275,2.961
MIMAT0022258,1.188
MIMAT0022257,0.203
MIMAT0027554,4.689
MIMAT0027553,4.156
MIMAT0027538,7.401
MIMAT0027537,0.557
MIMAT0027522,1.676
MIMAT0027521,3.711
MIMAT0027506,10.974
MIMAT0027505,4.187
MIMAT0026611,-0.763
MIMAT0026610,-0.281
MIMAT0031180,7.910
MIMAT0031179,1.910
MIMAT0031010,3.139
MIMAT0031009,-3.400
MIMAT0030994,-3.400
MIMAT0030993,-3.400
MIMAT0030431,1.102
MIMAT0030430,-3.400
MIMAT0002854,4.224
MIMAT0002853,2.705
MIMAT0000258,1.530
MIMAT0000257,0.449
MIMAT0000103,2.105
MIMAT0000102,2.199
MIMAT0000087,2.050
MIMAT0000086,2.218
MIMAT0000069,-3.400
MIMAT0000068,1.181
MIMAT0004658,-3.400
MIMAT0004657,-1.133
MIMAT0004601,-3.400
MIMAT0004600,2.511
MIMAT0003226,-3.400
MIMAT0003225,-3.400
MIMAT0003161,0.721
MIMAT0003150,0.125
MIMAT0002872,1.932
MIMAT0002871,1.660
MIMAT0007883,9.079
MIMAT0007882,4.007
MIMAT0005955,0.193
MIMAT0005953,-1.103
MIMAT0005935,-3.400
MIMAT0005934,-3.400
MIMAT0004748,7.178
MIMAT0004703,-3.400
MIMAT0004687,6.168
MIMAT0004686,3.328
MIMAT0018006,3.648
MIMAT0018005,3.220
MIMAT0017990,-3.400
MIMAT0017989,0.078
MIMAT0014980,-3.400
MIMAT0014997,2.181
MIMAT0015076,1.136
MIMAT0014991,-3.400
MIMAT0016925,1.669
MIMAT0015032,1.700
MIMAT0019881,7.500
MIMAT0019806,7.098
MIMAT0019718,1.681
MIMAT0019772,5.043
MIMAT0019713,-0.727
MIMAT0019783,1.583
MIMAT0019930,1.676
MIMAT0019920,1.010
MIMAT0018936,-0.981
MIMAT0019062,-3.400
MIMAT0019845,6.032
MIMAT0019882,3.509
MIMAT0022488,-1.731
MIMAT0022487,1.802
MIMAT0022471,1.591
MIMAT0022470,0.921
MIMAT0022292,-3.400
MIMAT0022291,-3.400
MIMAT0018931,4.350
MIMAT0019952,-3.400
MIMAT0019937,-3.400
MIMAT0019763,-0.635
MIMAT0027362,5.033
MIMAT0027361,3.219
MIMAT0027036,-0.016
MIMAT0027032,3.523
MIMAT0026737,-3.400
MIMAT0026736,-3.400
MIMAT0026627,-3.400
MIMAT0026626,-3.400
MIMAT0022692,-3.400
MIMAT0022691,6.977
MIMAT0027618,2.920
MIMAT0027617,4.822
MIMAT0027602,6.385
MIMAT0027601,2.903
MIMAT0027586,5.923
MIMAT0027585,2.963
MIMAT0027570,3.053
MIMAT0027569,3.627
MIMAT0004492,0.944
MIMAT0004491,-3.400
MIMAT0002833,-0.936
MIMAT0002829,-3.400
MIMAT0002814,1.432
MIMAT0002812,2.226
MIMAT0002172,-3.400
MIMAT0002171,0.280
MIMAT0001541,1.177
MIMAT0001536,-3.400
MIMAT0005879,1.499
MIMAT0005878,-3.400
MIMAT0005829,-3.400
MIMAT0005828,-0.764
MIMAT0004569,-3.400
MIMAT0004568,-3.400
MIMAT0004553,-0.816
MIMAT0004551,-3.400
MIMAT0004508,9.897
MIMAT0004507,-3.400
MIMAT0016864,4.148
MIMAT0015078,4.391
MIMAT0016868,2.811
MIMAT0013802,12.282
MIMAT0015090,-3.400
MIMAT0016863,0.879
MIMAT0005914,-3.400
MIMAT0005913,-3.400
MIMAT0005896,-3.400
MIMAT0005895,-3.400
MIMAT0019706,-3.400
MIMAT0019197,-3.400
MIMAT0019074,0.744
MIMAT0019695,6.186
MIMAT0018959,-3.400
MIMAT0019051,1.865
MIMAT0019824,-3.400
MIMAT0019893,4.026
MIMAT0013863,-3.400
MIMAT0016903,-3.400
MIMAT0019337,14.971
MIMAT0019946,3.490
MIMAT0021086,-3.400
MIMAT0021085,-1.908
MIMAT0021037,-3.400
MIMAT0021036,-3.400
MIMAT0019938,-3.400
MIMAT0019905,-3.400
MIMAT0019208,-3.400
MIMAT0019229,12.030
MIMAT0018999,5.170
MIMAT0018966,5.255
MIMAT0026478,0.669
MIMAT0026477,7.473
MIMAT0025852,7.550
MIMAT0025851,-3.400
MIMAT0025483,6.264
MIMAT0025482,-3.400
MIMAT0022272,3.372
MIMAT0022271,-3.400
MIMAT0021131,-1.564
MIMAT0021130,-3.400
MIMAT0027550,7.307
MIMAT0027549,4.037
MIMAT0027534,-3.400
MIMAT0027533,-2.196
MIMAT0027518,-0.768
MIMAT0027517,-1.278
MIMAT0027502,-0.014
MIMAT0027501,5.356
MIMAT0026607,-3.400
MIMAT0026606,-3.400
MIMAT0031176,-3.400
MIMAT0031175,-3.400
MIMAT0031006,-3.400
MIMAT0031005,4.248
MIMAT0030990,7.049
MIMAT0030989,0.831
MIMAT0030427,-3.400
MIMAT0030426,5.184
MIMAT0002850,-3.400
MIMAT0002849,2.444
MIMAT0000254,1.628
MIMAT0000252,-3.400
MIMAT0000099,-3.400
MIMAT0000098,2.665
MIMAT0000083,2.594
MIMAT0000082,2.378
MIMAT0000065,1.302
MIMAT0000064,1.653
MIMAT0004613,-3.004
MIMAT0004612,-3.400
MIMAT0004597,-3.400
MIMAT0004596,-3.400
MIMAT0003221,6.588
MIMAT0003220,-3.400
MIMAT0002888,-3.400
MIMAT0002883,-3.400
MIMAT0002868,-3.400
MIMAT0002867,1.791
MIMAT0007401,3.930
MIMAT0007400,3.620
MIMAT0005950,-3.400
MIMAT0005949,2.838
MIMAT0005931,-3.400
MIMAT0005930,-1.037
MIMAT0004700,-3.400
MIMAT0004699,-3.400
MIMAT0004682,2.836
MIMAT0004681,-0.795
MIMAT0018002,11.441
MIMAT0018001,4.259
MIMAT0017986,-1.369
MIMAT0017985,-3.400
MIMAT0015075,4.513
MIMAT0016853,-3.400
MIMAT0014983,-3.400
MIMAT0016861,-3.400
MIMAT0015072,1.984
MIMAT0015030,4.186
MIMAT0019014,4.145
MIMAT0019953,7.334
MIMAT0019875,-3.400
MIMAT0010214,0.623
MIMAT0019698,2.023
MIMAT0018979,-3.400
MIMAT0018951,4.456
MIMAT0019702,1.143
MIMAT0019935,-3.400
MIMAT0019741,-3.400
MIMAT0018945,5.513
MIMAT0019901,2.986
MIMAT0022484,1.260
MIMAT0022483,-3.400
MIMAT0022304,-3.400
MIMAT0022303,-3.400
MIMAT0022288,-3.400
MIMAT0022287,-3.400
MIMAT0019080,0.718
MIMAT0019924,-3.400
MIMAT0019929,-3.400
MIMAT0019025,-3.400
MIMAT0027358,4.059
MIMAT0027357,-3.400
MIMAT0026921,-3.400
MIMAT0026917,2.793
MIMAT0026722,-3.400
MIMAT0026721,2.459
MIMAT0026623,-3.400
MIMAT0026622,6.326
MIMAT0022500,-3.400
MIMAT0022499,4.051
MIMAT0031893,-0.948
MIMAT0032110,-3.400
MIMAT0027614,6.079
MIMAT0027613,-3.400
MIMAT0027598,4.107
MIMAT0027597,4.137
MIMAT0027582,0.517
MIMAT0027581,0.312
MIMAT0027566,3.527
MIMAT0027565,4.083
MIMAT0003316,3.267
MIMAT0003315,2.014
MIMAT0001412,2.714
MIMAT0001343,3.865
MIMAT0000760,2.403
MIMAT0000759,2.863
MIMAT0000731,2.908
MIMAT0000730,2.450
MIMAT0000714,-3.400
MIMAT0000710, MIMAT0022834,3.317
MIMAT0004987,2.697
MIMAT0004986,3.833
MIMAT0004970,3.980
MIMAT0004960,-3.400
MIMAT0004488,1.332
MIMAT0004487,-0.199
MIMAT0003883,3.697
MIMAT0003882,-3.400
MIMAT0003332,-2.929
MIMAT0003331,2.818
MIMAT0010133,5.574
MIMAT0009977,0.347
MIMAT0010364,0.114
MIMAT0010357,0.653
MIMAT0015052,4.239
MIMAT0000276,-3.400
MIMAT0005825,1.397
MIMAT0005824,-3.400
MIMAT0005592,5.557
MIMAT0005591,4.508
MIMAT0019827,4.048
MIMAT0019868,11.349
MIMAT0019042,2.960
MIMAT0019054,-1.829
MIMAT0019079,-3.400
MIMAT0018944,5.527
MIMAT0018353,-3.400
MIMAT0018352,8.462
MIMAT0016891,4.598
MIMAT0002813,2.353
MIMAT0019059,2.520
MIMAT0019210,1.850
MIMAT0019876,0.689
MIMAT0019906,-3.400
MIMAT0014986,3.772
MIMAT0019697,-3.400
MIMAT0018976,9.431
MIMAT0019015,4.678
MIMAT0019870,5.154
MIMAT0019807,7.870
MIMAT0019061,2.757
MIMAT0019972,2.886
MIMAT0025463,4.004
MIMAT0025462,1.968
MIMAT0024617,3.027
MIMAT0024616,8.501
MIMAT0023710,10.239
MIMAT0023709,2.273
MIMAT0021033,5.005
MIMAT0021030,0.151
MIMAT0020958,3.700
MIMAT0020957,2.899
MIMAT0027498,8.658
MIMAT0027497,5.286
MIMAT0027482,9.825
MIMAT0027481,5.488
MIMAT0027466,1.220
MIMAT0027465,3.884
MIMAT0027450,8.206
MIMAT0027449,2.686
MIMAT0025479,4.697
MIMAT0025478,6.635
MIMAT0030423,3.783
MIMAT0030422,6.099
MIMAT0030018,2.699
MIMAT0030017,3.179
MIMAT0028223,3.455
MIMAT0028222,1.615
MIMAT0028123,3.160
MIMAT0028122,2.467
MIMAT0003251,2.934
MIMAT0003250,2.220
MIMAT0000680,3.591
MIMAT0000646,2.506
MIMAT0000449,2.711
MIMAT0000448,1.917
MIMAT0000433,1.146
MIMAT0000431,1.940
MIMAT0000416,2.720
MIMAT0000415,1.274
MIMAT0004807,2.113
MIMAT0004806, MIMAT0022738, MIMAT0022740,2.163
MIMAT0004785,2.660
MIMAT0004784,1.895
MIMAT0003300,3.676
MIMAT0003299,2.399
MIMAT0003284,2.201
MIMAT0003283,2.833
MIMAT0003268,0.849
MIMAT0003267,2.136
MIMAT0015067,2.453
MIMAT0016848,2.257
MIMAT0015061,3.106
MIMAT0000253,-0.181
MIMAT0015084,3.331
MIMAT0015042,-3.400
MIMAT0004945,7.811
MIMAT0004929,-3.400
MIMAT0004912,2.452
MIMAT0004911,5.280
MIMAT0018195,2.711
MIMAT0018194,1.515
MIMAT0018178,8.981
MIMAT0018165,1.865
MIMAT0018109,1.108
MIMAT0018108,1.649
MIMAT0018090,2.447
MIMAT0018089,2.526
MIMAT0015050,1.668
MIMAT0016926,-3.400
MIMAT0019056,3.806
MIMAT0019928,1.500
MIMAT0019844,9.503
MIMAT0019033,4.801
MIMAT0019963,-3.400
MIMAT0019719,3.282
MIMAT0018968,7.142
MIMAT0019964,6.527
MIMAT0019211,4.608
MIMAT0019927,-3.400
MIMAT0019823,1.406
MIMAT0019910,-3.400
MIMAT0022945,6.395
MIMAT0022943,10.491
MIMAT0004552,5.059
MIMAT0000250,-3.400
MIMAT0022725,1.398
MIMAT0022724,-3.400
MIMAT0019934,1.066
MIMAT0019974,2.594
MIMAT0019720,3.105
MIMAT0019710,6.613
MIMAT0027434,3.247
MIMAT0027433,5.430
MIMAT0027418,4.821
MIMAT0027417,2.494
MIMAT0027402,4.409
MIMAT0027401,4.583
MIMAT0027386,3.913
MIMAT0027385,4.372
MIMAT0023694,4.274
MIMAT0023693,4.410
MIMAT0027690,5.974
MIMAT0027689,5.067
MIMAT0027674,6.079
MIMAT0027673,4.859
MIMAT0027658,8.926
MIMAT0027657,2.905
MIMAT0027642,4.429
MIMAT0027641,3.659
MIMAT0003312,3.876
MIMAT0003311,2.072
MIMAT0001339,6.118
MIMAT0001080,2.662
MIMAT0000756,4.130
MIMAT0000755,2.981
MIMAT0000727,1.892
MIMAT0000726,3.032
MIMAT0000703,3.407
MIMAT0000693,0.328
MIMAT0004983,6.262
MIMAT0004982,7.720
MIMAT0004957,7.741
MIMAT0004956,-3.400
MIMAT0004484,3.533
MIMAT0004482,3.436
MIMAT0003879,-3.400
MIMAT0003393,2.555
MIMAT0003328,1.106
MIMAT0003327,-1.221
MIMAT0009447,3.440
MIMAT0009978,-1.690
MIMAT0010195,2.658
MIMAT0009979,-0.652
MIMAT0015006,-0.042
MIMAT0000241,2.791
MIMAT0005799,-1.415
MIMAT0005798,-3.400
MIMAT0005586,7.308
MIMAT0005584,5.164
MIMAT0019035,2.798
MIMAT0019841,-0.184
MIMAT0018969,-3.400
MIMAT0018989, MIMAT0022707,-3.400
MIMAT0018446, MIMAT0022723,-3.400
MIMAT0018445,1.543
MIMAT0018349,4.029
MIMAT0018206,0.540
MIMAT0016904,5.656
MIMAT0015026,3.717
MIMAT0019769,-3.400
MIMAT0019887,5.945
MIMAT0015069,5.787
MIMAT0016887,-3.400
MIMAT0020541,1.823
MIMAT0019778,8.513
MIMAT0019859,12.198
MIMAT0019038,-3.400
MIMAT0018983,0.524
MIMAT0019957,5.407
MIMAT0019709,1.676
MIMAT0018941,-3.400
MIMAT0025459,2.246
MIMAT0025458,3.317
MIMAT0024613,1.605
MIMAT0024612,0.483
MIMAT0023706,2.833
MIMAT0023705,2.541
MIMAT0021027,-3.400
MIMAT0021026,-3.400
MIMAT0019886,5.328
MIMAT0019688,4.007
MIMAT0027494,5.375
MIMAT0027493,5.077
MIMAT0027478,9.425
MIMAT0027477,3.599
MIMAT0027462,10.598
MIMAT0027461,2.980
MIMAT0027446,-3.400
MIMAT0027445,3.480
MIMAT0025475,1.751
MIMAT0025474,-3.400
MIMAT0030419,0.162
MIMAT0030418,1.426
MIMAT0028235,0.299
MIMAT0028234,-1.290
MIMAT0028219,-3.400
MIMAT0028218,-3.400
MIMAT0028119,7.384
MIMAT0028118,4.095
MIMAT0003247,-3.400
MIMAT0003246,1.893
MIMAT0000462,-1.490
MIMAT0000461,0.845
MIMAT0000445,1.989
MIMAT0000444,2.235
MIMAT0000428,2.606
MIMAT0000427,2.649
MIMAT0000281,-2.669
MIMAT0000280,3.733
MIMAT0004803,-3.400
MIMAT0004802,1.823
MIMAT0004778,4.068
MIMAT0004777,-3.400
MIMAT0003296,-3.400
MIMAT0003295,1.565
MIMAT0003280,4.225
MIMAT0003279,1.001
MIMAT0003264,2.759
MIMAT0003263,2.479
MIMAT0014985,2.406
MIMAT0015028,5.880
MIMAT0016870,2.894
MIMAT0016895,3.780
MIMAT0015020,2.280
MIMAT0016865,4.127
MIMAT0004926,2.879
MIMAT0004925,1.442
MIMAT0004907,2.268
MIMAT0004903,-3.400
MIMAT0018191,5.826
MIMAT0018190,2.088
MIMAT0018121,2.339
MIMAT0018120,-3.400
MIMAT0018105,5.444
MIMAT0018104,7.524
MIMAT0018086,1.809
MIMAT0018085,11.618
MIMAT0016878,6.242
MIMAT0016905,0.821
MIMAT0018964,2.988
MIMAT0019721,7.681
MIMAT0019711,9.096
MIMAT0019699,7.504
MIMAT0019072,4.462
MIMAT0019834,0.052
MIMAT0018925,10.244
MIMAT0019691,8.971
MIMAT0019839,4.819
MIMAT0019947,5.246
MIMAT0019979,5.046
MIMAT0019742,-3.400
MIMAT0022940,0.894
MIMAT0022939,4.803
MIMAT0022833,2.413
MIMAT0022742,6.678
MIMAT0022720,3.471
MIMAT0022719,0.908
MIMAT0019083,-3.400
MIMAT0019731,-3.400
MIMAT0019040,1.889
MIMAT0019970,1.225
MIMAT0027430,10.915
MIMAT0027429,1.828
MIMAT0027414,6.237
MIMAT0027413,5.052
MIMAT0027398,9.144
MIMAT0027397,3.912
MIMAT0027382,3.912
MIMAT0027381,-3.400
MIMAT0022984,-3.400
MIMAT0022979,3.923
MIMAT0027686,8.354
MIMAT0027685,4.094
MIMAT0027670,10.115
MIMAT0027669,4.339
MIMAT0027654,6.979
MIMAT0027653,-3.400
MIMAT0027638,13.842
MIMAT0027637,1.561
MIMAT0003308,12.991
MIMAT0003307,4.528
MIMAT0000772,3.223
MIMAT0000771,1.919
MIMAT0000752,4.730
MIMAT0000751,1.745
MIMAT0000722,4.807
MIMAT0000721,1.628
MIMAT0000689,3.531
MIMAT0000688,-3.400
MIMAT0004979,3.118
MIMAT0004978,4.182
MIMAT0004953,-3.400
MIMAT0004952,6.621
MIMAT0004185,0.761
MIMAT0003948,2.630
MIMAT0003385,1.405
MIMAT0003340,4.445
MIMAT0003324,2.137
MIMAT0003323,1.065
MIMAT0015035,1.417
MIMAT0000690,6.655
MIMAT0009206,3.128
MIMAT0009196,-3.400
MIMAT0016924,1.438
MIMAT0016857,2.505
MIMAT0005795,-0.021
MIMAT0005794,2.971
MIMAT0005580,3.180
MIMAT0005577,2.752
MIMAT0019205,2.659
MIMAT0019975,-3.400
MIMAT0019732,0.473
MIMAT0018948,1.215
MIMAT0018361,3.917
MIMAT0018360,4.001
MIMAT0018203,-3.400
MIMAT0018202,-3.400
MIMAT0011160,-3.400
MIMAT0011159,-3.400
MIMAT0019776,6.080
MIMAT0019032,12.441
MIMAT0019889,-3.400
MIMAT0019077,5.257
MIMAT0019814,1.191
MIMAT0015031,2.604
MIMAT0018996,-1.414
MIMAT0019055,-0.886
MIMAT0019006,5.239
MIMAT0019034,5.328
MIMAT0018946,0.799
MIMAT0019933,1.737
MIMAT0025455,-3.400
MIMAT0025454,-3.400
MIMAT0024599,11.503
MIMAT0024598,12.502
MIMAT0023702,3.092
MIMAT0023701,7.029
MIMAT0021023,-3.400
MIMAT0021022,1.273
MIMAT0002835,-3.400
MIMAT0000453,-3.400
MIMAT0027490,5.431
MIMAT0027489,3.592
MIMAT0027474,8.084
MIMAT0027473,4.691
MIMAT0027458,7.030
MIMAT0027457,3.326
MIMAT0027442,9.166
MIMAT0027441,4.254
MIMAT0025471,-3.400
MIMAT0025470,1.527
MIMAT0030415,2.958
MIMAT0030414,8.094
MIMAT0028231,-3.400
MIMAT0028230,4.420
MIMAT0028215,2.558
MIMAT0028214,3.296
MIMAT0028115,7.028
MIMAT0028114,5.717
MIMAT0003243,-2.133
MIMAT0003242,-1.835
MIMAT0000458,-3.400
MIMAT0000457,3.676
MIMAT0000441,-3.400
MIMAT0000440,2.450
MIMAT0000424,0.761
MIMAT0000423,2.818
MIMAT0000275,2.491
MIMAT0000274,1.273
MIMAT0004799,2.678
MIMAT0004798,-3.400
MIMAT0004774,-3.400
MIMAT0004773,-2.180
MIMAT0003292,-3.400
MIMAT0003291,-3.400
MIMAT0003276,1.323
MIMAT0003275,-0.208
MIMAT0003259,2.915
MIMAT0003258,-3.400
MIMAT0014982,-3.400
MIMAT0015013,-3.400
MIMAT0014977,-3.400
MIMAT0015015,-3.400
MIMAT0015070,6.681
MIMAT0016923,2.805
MIMAT0004922,-3.400
MIMAT0004921,-3.400
MIMAT0004819,2.289
MIMAT0004814,-3.400
MIMAT0018187,-3.400
MIMAT0018186,-3.400
MIMAT0018117, MIMAT0018180, MIMAT0019009,-3.400
MIMAT0018116,-1.696
MIMAT0018101,-3.400
MIMAT0018099,4.479
MIMAT0018082,-3.400
MIMAT0018081,-3.400
MIMAT0015377,-3.400
MIMAT0015079,8.310
MIMAT0019797,3.627
MIMAT0019960,-2.248
MIMAT0018998,-3.400
MIMAT0019775,9.268
MIMAT0019885,7.910
MIMAT0019214,3.335
MIMAT0019912,5.135
MIMAT0013518,3.442
MIMAT0019069,10.277
MIMAT0019012,2.932
MIMAT0019049,0.522
MIMAT0019941,-3.400
MIMAT0022928,-3.400
MIMAT0022925,3.133
MIMAT0022736,2.769
MIMAT0022735,1.306
MIMAT0022713,6.610
MIMAT0022712,-3.400
MIMAT0019754,-3.400
MIMAT0019931,-3.400
MIMAT0019802,-3.400
MIMAT0019855,4.744
MIMAT0027426,7.174
MIMAT0027425,3.463
MIMAT0027410,-3.400
MIMAT0027409,4.117
MIMAT0027394,3.813
MIMAT0027393,4.490
MIMAT0027378,3.514
MIMAT0027377,5.715
MIMAT0022975,-3.400
MIMAT0022970,-3.400
MIMAT0027682,7.340
MIMAT0027681,4.540
MIMAT0027666,3.957
MIMAT0027665,3.959
MIMAT0027650,9.344
MIMAT0027649,1.464
MIMAT0027634,-3.400
MIMAT0027633,-3.400
MIMAT0003304,3.252
MIMAT0003303,-3.400
MIMAT0000764,2.698
MIMAT0000763,0.389
MIMAT0000737,-2.670
MIMAT0000736,-3.400
MIMAT0000718,-0.052
MIMAT0000717,-3.400
MIMAT0000684,-1.884
MIMAT0000683,-3.400
MIMAT0004975,-3.400
MIMAT0004974,-3.400
MIMAT0004949,2.520
MIMAT0004948,4.328
MIMAT0003887,4.114
MIMAT0003886,-3.400
MIMAT0003337,3.936
MIMAT0003336,5.438
MIMAT0003320,2.693
MIMAT0003319,-3.400
MIMAT0016892,-3.400
MIMAT0016915,2.862
MIMAT0005911,5.508
MIMAT0004284,5.981
MIMAT0015071,-2.236
MIMAT0016876,2.543
MIMAT0005791,-3.400
MIMAT0005789,0.826
MIMAT0005572,7.252
MIMAT0005459,4.775
MIMAT0019024,-3.400
MIMAT0019016,-3.400
MIMAT0018972,-3.400
MIMAT0018928,2.859
MIMAT0018357,-3.400
MIMAT0018356,4.736
MIMAT0018199,-3.400
MIMAT0018198,-3.400
MIMAT0011156,-0.793
MIMAT0016873,5.127
MIMAT0019004,-3.400
MIMAT0019000,2.004
MIMAT0019984,-3.400
MIMAT0019057,-3.400
MIMAT0016874,2.671
MIMAT0019944,-3.400
MIMAT0019045,13.068
MIMAT0018947,-3.400
MIMAT0019081,1.827
MIMAT0019758,1.032
MIMAT0019044,5.834
MIMAT0019739,9.523
MIMAT0025451,-3.400
MIMAT0025450,-3.400
MIMAT0023714,13.495
MIMAT0023713,10.570
MIMAT0023698,-3.400
MIMAT0023697,1.773
MIMAT0021019,-3.400
MIMAT0021018,-3.400
MIMAT0019734,-3.400
MIMAT0019727,-3.400
MIMAT0027486,1.970
MIMAT0027485,4.887
MIMAT0027470,8.187
MIMAT0027469,4.180
MIMAT0027454,6.121
MIMAT0027453,3.873
MIMAT0027438,6.018
MIMAT0027437,-3.400
MIMAT0025467,-3.400
MIMAT0025466,-3.400
MIMAT0030411,3.476
MIMAT0030021,-3.400
MIMAT0028227,-3.400
MIMAT0028226,-0.664
MIMAT0028211,7.828
MIMAT0028126,3.831
MIMAT0028111,7.249
MIMAT0028110,4.358
MIMAT0003239,4.844
MIMAT0003238,0.877
MIMAT0000454,3.370
MIMAT0000452,-3.400
MIMAT0000437,3.245
MIMAT0000436,1.782
MIMAT0000420,1.455
MIMAT0000419,-3.400
MIMAT0000271,3.130
MIMAT0000269,0.836
MIMAT0004795,3.685
MIMAT0004794,3.080
MIMAT0004768,-3.400
MIMAT0004767,4.339
MIMAT0003288,-3.400
MIMAT0003287,-3.400
MIMAT0003272,-3.400
MIMAT0003271,-3.400
MIMAT0003255,-3.400
MIMAT0003254,2.842
MIMAT0016898,1.905
MIMAT0016845,-3.400
MIMAT0015012,-3.400
MIMAT0015039,-3.400
MIMAT0014998,-3.400
MIMAT0015034,-3.400
MIMAT0004918,-3.400
MIMAT0004917,-2.096
MIMAT0004811,-0.316
MIMAT0004810,3.793
MIMAT0018183,2.050
MIMAT0018182,2.573
MIMAT0018113,-3.400
MIMAT0018112,-3.400
MIMAT0018095,-3.400
MIMAT0018094,-3.400
MIMAT0018078,-3.400
MIMAT0018077,-3.400
MIMAT0016846,2.894
MIMAT0016880,4.065
MIMAT0019890,0.117
MIMAT0018943,4.545
MIMAT0019879,2.626
MIMAT0019203,-3.400
MIMAT0019701,2.581
MIMAT0019816,-3.400
MIMAT0019216,4.109
MIMAT0019833,-3.400
MIMAT0019782,-3.400
MIMAT0019900,-3.400
MIMAT0019730,-3.400
MIMAT0019788,8.103
MIMAT0022862,-3.400
MIMAT0022861,-3.400
MIMAT0022731,4.054
MIMAT0022728,-3.399979864
MIMAT0022709,5.226763349
MIMAT0022708,1.531036289
MIMAT0019770,2.376509362
MIMAT0019749,1.999072767
MIMAT0019737,3.685752881
MIMAT0019838,8.280734199
MIMAT0027422,-0.632078282
MIMAT0027421,3.577845032
MIMAT0027406,3.948464105
MIMAT0027405,3.787966537
MIMAT0027390,2.578025003
MIMAT0027389,3.443817917
MIMAT0027374,3.353723675
MIMAT0027373,3.169510089
MIMAT0022965,-3.399979864
MIMAT0022948,5.675032774
MIMAT0027678,7.625935302
MIMAT0027677,0.773874732
MIMAT0027662,3.254457897
MIMAT0027661,5.146089652
MIMAT0027646,-3.399979864
MIMAT0027645,4.855983274
MIMAT0027630,3.935824168
MIMAT0027629,2.45021185
