MIMAT0004502,2.502
MIMAT0004501,1.798
MIMAT0002844,1.996
MIMAT0002843,3.735
MIMAT0002824,5.668
MIMAT0002823,3.110
MIMAT0002807,5.065
MIMAT0002806,1.640
MIMAT0001635,2.597
MIMAT0001631,2.116
MIMAT0005890,2.612
MIMAT0005889,-3.467
MIMAT0005873,1.918
MIMAT0005872,2.672
MIMAT0004591,2.471
MIMAT0004590,-3.467
MIMAT0000232, MIMAT0004563,-0.210
MIMAT0004562,0.626
MIMAT0004518,-0.048
MIMAT0004517,2.516
MIMAT0016907,11.070
MIMAT0016901,7.652
MIMAT0014994,-3.467
MIMAT0016913,1.949
MIMAT0011777,3.050
MIMAT0011775,3.074
MIMAT0005924,0.150
MIMAT0005923,0.009
MIMAT0005906,-3.467
MIMAT0005905,4.840
MIMAT0018939,1.422
MIMAT0019949,2.635
MIMAT0019764,1.716
MIMAT0019200,-3.467
MIMAT0019837,4.139
MIMAT0019204,-3.467
MIMAT0019811,1.323
MIMAT0019358,1.453
MIMAT0015068,2.205
MIMAT0015066,3.057
MIMAT0019017,4.100
MIMAT0019064,7.428
MIMAT0021125,2.126
MIMAT0021124,3.259
MIMAT0021079,1.543
MIMAT0021046,0.260
MIMAT0019037,-3.467
MIMAT0019981,-3.467
MIMAT0019982,2.123
MIMAT0019980,-0.492
MIMAT0019825,-3.467
MIMAT0019725,2.653
MIMAT0026555,1.622
MIMAT0026554,2.910
MIMAT0026472,0.629
MIMAT0022700,-3.467
MIMAT0025846,4.935
MIMAT0025845,2.162
MIMAT0022282,-3.467
MIMAT0022281,-3.467
MIMAT0022266,1.831
MIMAT0022265,-3.467
MIMAT0027560,4.191
MIMAT0027559,4.405
MIMAT0027544,3.858
MIMAT0027543,2.889
MIMAT0027528,1.952
MIMAT0027527,4.366
MIMAT0027512,6.049
MIMAT0027511,7.318
MIMAT0026617,1.868
MIMAT0026616,1.749
MIMAT0032116,5.648
MIMAT0031892,-3.467
MIMAT0031016,6.506
MIMAT0031015,1.389
MIMAT0031000,5.396
MIMAT0030999,12.677
MIMAT0030984,2.392
MIMAT0030983,1.094
MIMAT0002861,-3.467
MIMAT0002860, MIMAT0006778,-3.467
MIMAT0000264,1.483
MIMAT0000263,2.846
MIMAT0000231,1.362
MIMAT0000228,2.983
MIMAT0000093,0.439
MIMAT0000092,3.709
MIMAT0000076,3.212
MIMAT0000075,2.428
MIMAT0004676,2.255
MIMAT0004675,-3.467
MIMAT0004607,1.709
MIMAT0004606,-0.240
MIMAT0003233,0.939
MIMAT0003232,1.704
MIMAT0003215,1.129
MIMAT0003214,2.340
MIMAT0002878,2.199
MIMAT0002877,3.385
MIMAT0007889,3.054
MIMAT0007888,5.766
MIMAT0006790,3.045
MIMAT0006789,-3.467
MIMAT0005942,3.163
MIMAT0005941,-3.467
MIMAT0004762,7.469
MIMAT0004761,4.781
MIMAT0004694,3.587
MIMAT0004693,-0.215
MIMAT0018072,4.654
MIMAT0018071,1.491
MIMAT0017996,3.857
MIMAT0017995,-3.467
MIMAT0017950,-3.467
MIMAT0017392,2.250
MIMAT0016921,4.156
MIMAT0015054,3.050
MIMAT0014999,4.020
MIMAT0016899,1.863
MIMAT0018950,0.979
MIMAT0019052,3.239
MIMAT0019966,3.588
MIMAT0019767,2.919
MIMAT0019826,4.210
MIMAT0019818,-3.467
MIMAT0018954,-3.467
MIMAT0018938,0.499
MIMAT0019976,-3.467
MIMAT0019961,-3.467
MIMAT0019828,0.881
MIMAT0019714,-1.710
MIMAT0022494,-3.467
MIMAT0022493,-3.467
MIMAT0022478,-3.467
MIMAT0022476,0.801
MIMAT0022298,1.681
MIMAT0022297,3.301
MIMAT0019926,-3.467
MIMAT0019878,11.360
MIMAT0018986,4.783
MIMAT0019962,1.868
MIMAT0027368,3.021
MIMAT0027367,-1.399
MIMAT0027345,1.257
MIMAT0027103,3.199
MIMAT0026743,3.203
MIMAT0026742,3.565
MIMAT0026641,2.900
MIMAT0026640,-3.467
MIMAT0022698,4.680
MIMAT0022697,1.377
MIMAT0027624,4.070
MIMAT0027623,6.702
MIMAT0027608,1.785
MIMAT0027607,0.900
MIMAT0027592,5.377
MIMAT0027591,5.433
MIMAT0027576,4.103
MIMAT0027575,8.910
MIMAT0004498,3.261
MIMAT0004497,2.176
MIMAT0002840,2.931
MIMAT0002839,0.316
MIMAT0002820,2.645
MIMAT0002819,3.368
MIMAT0002178,2.992
MIMAT0002177,5.579
MIMAT0001627,1.731
MIMAT0001625,1.405
MIMAT0005885,-3.467
MIMAT0005884,1.037
MIMAT0005869,2.516
MIMAT0005868,3.647
MIMAT0004587,3.425
MIMAT0004586,0.692
MIMAT0004559,3.148
MIMAT0004558,2.906
MIMAT0004514,2.700
MIMAT0004513,1.268
MIMAT0015049,5.301
MIMAT0015086,-3.467
MIMAT0016920,0.059
MIMAT0016908,-3.467
MIMAT0016862,1.532
MIMAT0015027,1.501
MIMAT0005920,2.118
MIMAT0005919,-3.467
MIMAT0005902,2.077
MIMAT0005901,5.677
MIMAT0019021,4.162
MIMAT0018995,1.494
MIMAT0019707,3.454
MIMAT0019977,-3.467
MIMAT0019722,3.678
MIMAT0019846,3.664
MIMAT0019943,2.367
MIMAT0019026,2.073
MIMAT0015033,-3.467
MIMAT0015007,1.299
MIMAT0019008,3.260
MIMAT0019053,12.549
MIMAT0021121,1.823
MIMAT0021120,4.296
MIMAT0021043,5.350
MIMAT0021042,-3.467
MIMAT0019361,0.898
MIMAT0019813,-3.467
MIMAT0019971,0.547
MIMAT0018990,0.609
MIMAT0019781,3.850
MIMAT0019940,5.415
MIMAT0026484,-0.680
MIMAT0026483,-0.037
MIMAT0025858,2.668
MIMAT0025857,2.636
MIMAT0025842,3.785
MIMAT0025841,1.726
MIMAT0022278,1.444
MIMAT0022277,0.188
MIMAT0022260,6.317
MIMAT0022259,10.506
MIMAT0027556,1.926
MIMAT0027555,3.143
MIMAT0027540,7.357
MIMAT0027539,4.167
MIMAT0027524,5.113
MIMAT0027523,1.694
MIMAT0027508,3.536
MIMAT0027507,5.265
MIMAT0026613,-3.467
MIMAT0026612,5.277
MIMAT0035703,2.826
MIMAT0031181,1.673
MIMAT0031012,4.401
MIMAT0031011,2.491
MIMAT0030996,12.885
MIMAT0030995,1.520
MIMAT0030980,2.471
MIMAT0030979,5.381
MIMAT0002856,1.830
MIMAT0002855,4.258
MIMAT0000260,3.307
MIMAT0000259,2.198
MIMAT0000222,3.194
MIMAT0000104,2.781
MIMAT0000089,1.604
MIMAT0000088,3.416
MIMAT0000071,3.945
MIMAT0000070,3.068
MIMAT0004672,4.011
MIMAT0004671,3.912
MIMAT0004603,3.786
MIMAT0004602,6.979
MIMAT0003228,4.978
MIMAT0003227,3.997
MIMAT0003164,5.885
MIMAT0003163,2.549
MIMAT0002874,3.381
MIMAT0002873,3.392
MIMAT0007885,2.790
MIMAT0007884,4.798
MIMAT0006764,2.742
MIMAT0005956,1.855
MIMAT0005937,-3.467
MIMAT0005936,2.431
MIMAT0004751,3.493
MIMAT0004749,-3.467
MIMAT0004689,-3.467
MIMAT0004688,-3.467
MIMAT0018068,11.364
MIMAT0018065,4.055
MIMAT0017992,4.019
MIMAT0017991,-3.467
MIMAT0015025,-3.467
MIMAT0015038,2.119
MIMAT0014989,2.632
MIMAT0015005,2.772
MIMAT0016872,0.377
MIMAT0016860,2.638
MIMAT0019735,0.061
MIMAT0019218,2.606
MIMAT0018942,2.382
MIMAT0019917,1.583
MIMAT0019067,1.709
MIMAT0019804,1.464
MIMAT0019068,3.781
MIMAT0019207,3.476
MIMAT0018982,5.062
MIMAT0019848,3.820
MIMAT0019791,8.130
MIMAT0019716,2.502
MIMAT0022490,2.171
MIMAT0022489,3.343
MIMAT0022473,3.238
MIMAT0022472,2.335
MIMAT0022294,3.295
MIMAT0022293,2.475
MIMAT0019835,5.201
MIMAT0019047,-3.467
MIMAT0019867,5.172
MIMAT0019692,3.184
MIMAT0027364,3.848
MIMAT0027363,4.926
MIMAT0027038,10.658
MIMAT0027037,4.861
MIMAT0026739,2.523
MIMAT0026738,3.239
MIMAT0026637,4.078
MIMAT0026636,3.642
MIMAT0022694,5.731
MIMAT0022693,13.042
MIMAT0027620,6.505
MIMAT0027619,4.859
MIMAT0027604,4.135
MIMAT0027603,4.288
MIMAT0027588,2.957
MIMAT0027587,2.584
MIMAT0027572,9.608
MIMAT0027571,2.972
MIMAT0004494,3.244
MIMAT0004493,3.637
MIMAT0002836,3.564
MIMAT0002834,3.599
MIMAT0002816,5.071
MIMAT0002815,3.504
MIMAT0002174,5.253
MIMAT0002173,4.462
MIMAT0001618,3.202
MIMAT0001545,3.134
MIMAT0005881,2.453
MIMAT0005880,5.974
MIMAT0005865,7.058
MIMAT0005863,3.233
MIMAT0004571,2.877
MIMAT0004570,0.430
MIMAT0004555,1.296
MIMAT0004554,3.197
MIMAT0004510,3.735
MIMAT0004509,1.805
MIMAT0016896,3.401
MIMAT0015017,3.809
MIMAT0015003,2.712
MIMAT0002830,2.346
MIMAT0015010,7.575
MIMAT0016894,-0.056
MIMAT0005916,2.837
MIMAT0005915,-0.089
MIMAT0005898,3.245
MIMAT0005897,-3.467
MIMAT0019843,4.155
MIMAT0019225,2.972
MIMAT0018926,2.288
MIMAT0018932,3.832
MIMAT0019224,2.430
MIMAT0019965,2.699
MIMAT0019819,2.678
MIMAT0019857,0.712
MIMAT0016912,2.069
MIMAT0014984,4.247
MIMAT0018985,7.318
MIMAT0018967,5.584
MIMAT0021117,2.944
MIMAT0021116,2.805
MIMAT0021039,5.615
MIMAT0021038,3.059
MIMAT0019829,2.208
MIMAT0019043,5.396
MIMAT0020603,4.149
MIMAT0019717,3.356
MIMAT0019842,3.179
MIMAT0020602,3.596
MIMAT0026480,3.226
MIMAT0026479,4.619
MIMAT0025854,8.372
MIMAT0025853,4.783
MIMAT0025485,3.453
MIMAT0025484,1.644
MIMAT0022274,3.925
MIMAT0022273,3.711
MIMAT0022256,3.204
MIMAT0022255,2.741
MIMAT0027552,5.912
MIMAT0027551,5.544
MIMAT0027536,2.913
MIMAT0027535,3.275
MIMAT0027520,4.379
MIMAT0027519,3.971
MIMAT0027504,8.247
MIMAT0027503,4.489
MIMAT0026609,3.729
MIMAT0026608,4.032
MIMAT0031178,6.748
MIMAT0031177,3.699
MIMAT0031008,2.941
MIMAT0031007,3.412
MIMAT0030992,2.763
MIMAT0030991,4.424
MIMAT0030429,4.038
MIMAT0030428,2.167
MIMAT0002852, MIMAT0002857,3.260
MIMAT0002851,1.742
MIMAT0000256,1.591
MIMAT0000255,2.227
MIMAT0000101,3.054
MIMAT0000100,2.835
MIMAT0000085,3.479
MIMAT0000084,1.307
MIMAT0000067,2.919
MIMAT0000066,-3.467
MIMAT0004615,2.729
MIMAT0004614,3.564
MIMAT0004599,2.579
MIMAT0004598,3.348
MIMAT0003223,2.360
MIMAT0003222,3.735
MIMAT0002891,3.215
MIMAT0002890,3.401
MIMAT0002870,2.296
MIMAT0002869,2.613
MIMAT0007881,12.078
MIMAT0007402,2.159
MIMAT0005952,-0.516
MIMAT0005951,5.128
MIMAT0005933,2.705
MIMAT0005932,3.903
MIMAT0004702,1.752
MIMAT0004701,2.026
MIMAT0004685,2.961
MIMAT0004683,2.249
MIMAT0018004,3.958
MIMAT0018003,5.443
MIMAT0017988,1.136
MIMAT0017987,4.547
MIMAT0016914,2.958
MIMAT0015058,9.167
MIMAT0016917,0.993
MIMAT0014996,6.751
MIMAT0015011,1.365
MIMAT0015048,4.422
MIMAT0019808,6.667
MIMAT0019896,2.940
MIMAT0019973,2.771
MIMAT0019220,2.698
MIMAT0019872,2.224
MIMAT0019951,0.836
MIMAT0019005,2.849
MIMAT0019799,2.282
MIMAT0019918,2.725
MIMAT0019784,-0.161
MIMAT0019745,-0.417
MIMAT0019041,8.905
MIMAT0022486,3.839
MIMAT0022485,1.061
MIMAT0022469,2.712
MIMAT0022468,2.592
MIMAT0022290,3.976
MIMAT0022289,1.511
MIMAT0019360,1.700
MIMAT0019948,3.441
MIMAT0019761,1.640
MIMAT0019873,2.463
MIMAT0027360,5.513
MIMAT0027359,12.719
MIMAT0027027,4.425
MIMAT0027026,5.098
MIMAT0026735,3.307
MIMAT0026734,2.811
MIMAT0026625,2.117
MIMAT0026624,3.110
MIMAT0022502,3.559
MIMAT0022501,2.539
MIMAT0032026,2.595
MIMAT0027616,7.677
MIMAT0027615,3.627
MIMAT0027600,11.278
MIMAT0027599,4.216
MIMAT0027584,2.670
MIMAT0027583,7.357
MIMAT0027568,3.965
MIMAT0027567,4.357
MIMAT0004490,3.156
MIMAT0004489,3.453
MIMAT0002828,4.026
MIMAT0002827,3.597
MIMAT0002811,3.736
MIMAT0002810,3.618
MIMAT0002170,4.044
MIMAT0001639,3.376
MIMAT0001532,3.789
MIMAT0001413,3.589
MIMAT0005877,3.499
MIMAT0005876,3.822
MIMAT0005827,4.090
MIMAT0005826,6.425
MIMAT0004567,3.833
MIMAT0004566,3.386
MIMAT0004550,3.280
MIMAT0004549,3.129
MIMAT0004506,4.223
MIMAT0004505,4.285
MIMAT0016886,2.826
MIMAT0015082,10.030
MIMAT0013771,3.292
MIMAT0012735,6.697
MIMAT0016881,3.970
MIMAT0015057,4.911
MIMAT0005912,2.921
MIMAT0005909,1.489
MIMAT0005894,2.709
MIMAT0005893,1.367
MIMAT0019748,2.284
MIMAT0019968,0.858
MIMAT0019228,2.570
MIMAT0019892,5.506
MIMAT0018949,7.289
MIMAT0019897,-3.467
MIMAT0018988,0.124
MIMAT0019762,-3.467
MIMAT0015083,3.286
MIMAT0015019,4.608
MIMAT0019836,5.489
MIMAT0019073,7.527
MIMAT0021084,2.468
MIMAT0021083,-3.467
MIMAT0021035,1.365
MIMAT0021034,1.033
MIMAT0019942,0.603
MIMAT0019801,1.936
MIMAT0019075,4.611
MIMAT0019932,3.509
MIMAT0018929,7.940
MIMAT0019922,4.105
MIMAT0026476,2.848
MIMAT0026475,5.103
MIMAT0025850,2.760
MIMAT0025849,0.539
MIMAT0025481,2.600
MIMAT0025480,1.099
MIMAT0022270,-3.467
MIMAT0022269,0.377
MIMAT0021129,3.871
MIMAT0021128,5.905
MIMAT0027548,6.587
MIMAT0027547,4.303
MIMAT0027532,10.770
MIMAT0027531,2.974
MIMAT0027516,7.110
MIMAT0027515,-3.467
MIMAT0027500,8.709
MIMAT0027499,3.339
MIMAT0026605,0.565
MIMAT0026559,4.092
MIMAT0031120,4.851
MIMAT0031119,5.205
MIMAT0031004,3.727
MIMAT0031003,0.987
MIMAT0030988,1.075
MIMAT0030987,3.766
MIMAT0030425,2.635
MIMAT0030424,1.776
MIMAT0002848,2.826
MIMAT0002847,3.534
MIMAT0000251,1.905
MIMAT0000245,3.898
MIMAT0000097,-3.467
MIMAT0000096,1.598
MIMAT0000080,4.402
MIMAT0000079,-1.405
MIMAT0000063,2.129
MIMAT0000062,3.185
MIMAT0004611,3.216
MIMAT0004610,6.262
MIMAT0004595,7.114
MIMAT0004594,-0.378
MIMAT0003219,-3.467
MIMAT0003218,3.212
MIMAT0002882,1.483
MIMAT0002881,0.307
MIMAT0002866,1.698
MIMAT0002864,1.814
MIMAT0007399,1.524
MIMAT0007349,2.701
MIMAT0005948,-3.467
MIMAT0005945,-2.269
MIMAT0005929,7.212
MIMAT0005928,-3.467
MIMAT0004698,-3.467
MIMAT0004697,-3.467
MIMAT0004680,-3.467
MIMAT0004679,5.127
MIMAT0018000,2.101
MIMAT0017999,3.355
MIMAT0017984,-3.467
MIMAT0017983,-3.467
MIMAT0014981,-3.467
MIMAT0016858,1.081
MIMAT0016850,-3.467
MIMAT0016893,1.942
MIMAT0015060,-3.467
MIMAT0007892,10.735
MIMAT0019925,1.129
MIMAT0019810,3.582
MIMAT0019199,2.061
MIMAT0019744,4.652
MIMAT0019832,1.060
MIMAT0019805,-3.467
MIMAT0019070,0.811
MIMAT0019894,-0.743
MIMAT0019232,-3.467
MIMAT0019223,2.231
MIMAT0019236,-0.252
MIMAT0019862,5.545
MIMAT0022482,1.395
MIMAT0022481,3.078
MIMAT0022302,3.843
MIMAT0022301,1.263
MIMAT0022286,4.373
MIMAT0022285,-3.467
MIMAT0019785,-3.467
MIMAT0019954,1.664
MIMAT0019796,0.977
MIMAT0019864,1.777
MIMAT0027356,4.735
MIMAT0027355,12.182
MIMAT0026916,6.801
MIMAT0026765,-3.467
MIMAT0026720,4.155
MIMAT0026719,1.843
MIMAT0026621,1.787
MIMAT0026620,2.109
MIMAT0022498,1.675
MIMAT0022497,0.569
MIMAT0033692,4.737
MIMAT0035704,2.909
MIMAT0027612,3.338
MIMAT0027611,1.903
MIMAT0027596,7.416
MIMAT0027595,-0.301
MIMAT0027580,3.490
MIMAT0027579,1.265
MIMAT0027564,2.939
MIMAT0027563,3.244
MIMAT0003314,1.251
MIMAT0003313,0.392
MIMAT0001341,1.692
MIMAT0001340,1.931
MIMAT0000758,2.570
MIMAT0000757,1.814
MIMAT0000729,0.710
MIMAT0000728,1.923
MIMAT0000707,0.263
MIMAT0000705,2.016
MIMAT0004985,1.902
MIMAT0004984,-0.982
MIMAT0004959,-3.467
MIMAT0004958,-3.467
MIMAT0004486,1.050
MIMAT0004485,-2.573
MIMAT0003881,3.353
MIMAT0003880,6.122
MIMAT0003330,2.064
MIMAT0003329,0.662
MIMAT0016852,5.583
MIMAT0009201,1.854
MIMAT0010313,13.112
MIMAT0010251,3.356
MIMAT0016888,3.239
MIMAT0000270,2.137
MIMAT0005823,0.002
MIMAT0005800,-3.467
MIMAT0005589,4.585
MIMAT0005588,4.630
MIMAT0019883,4.458
MIMAT0019750,-1.439
MIMAT0019861,0.807
MIMAT0019359,1.790
MIMAT0018935,1.912
MIMAT0000724,-0.236
MIMAT0018351,1.289
MIMAT0018350,2.249
MIMAT0016909,4.450
MIMAT0000735,2.625
MIMAT0019726,1.210
MIMAT0019357,1.772
MIMAT0019039,1.099
MIMAT0016918,1.318
MIMAT0019733,1.023
MIMAT0019865,3.735
MIMAT0020601,5.191
MIMAT0019020,7.720
MIMAT0018952,3.881
MIMAT0019780,2.738
MIMAT0019803,0.391
MIMAT0019703,1.943
MIMAT0025461,2.536
MIMAT0025460,-2.955
MIMAT0024615,6.106
MIMAT0024614,1.332
MIMAT0023708,2.969
MIMAT0023707,-3.467
MIMAT0021029,2.354
MIMAT0021028,2.854
MIMAT0020956,4.697
MIMAT0020925,4.019
MIMAT0027496,10.882
MIMAT0027495,4.213
MIMAT0027480,5.327
MIMAT0027479,4.033
MIMAT0027464,5.464
MIMAT0027463,3.034
MIMAT0027448,6.615
MIMAT0027447,3.895
MIMAT0025477,2.552
MIMAT0025476,6.189
MIMAT0030421,5.677
MIMAT0030420,7.029
MIMAT0029782,4.893
MIMAT0029310,3.460
MIMAT0028221,3.200
MIMAT0028220,5.161
MIMAT0028121,4.792
MIMAT0028120,4.495
MIMAT0003249,2.160
MIMAT0003248,3.642
MIMAT0000617,2.916
MIMAT0000510,4.550
MIMAT0000447,3.955
MIMAT0000446,0.950
MIMAT0000430,2.844
MIMAT0000429,2.393
MIMAT0000414,-2.147
MIMAT0000318,2.385
MIMAT0004805,2.709
MIMAT0004804,5.984
MIMAT0004780,4.053
MIMAT0004779,1.190
MIMAT0003298,3.375
MIMAT0003297,-3.467
MIMAT0003282,6.751
MIMAT0003281,2.447
MIMAT0003266,2.895
MIMAT0003265,1.142
MIMAT0016875,5.084
MIMAT0016906,4.659
MIMAT0015077,-3.467
MIMAT0000243,-3.467
MIMAT0016890,-0.057
MIMAT0015008,0.277
MIMAT0004928,-3.467
MIMAT0004927,-0.826
MIMAT0004910,-3.467
MIMAT0004909,-3.467
MIMAT0018193,2.123
MIMAT0018192,5.065
MIMAT0018164,4.002
MIMAT0018122,0.365
MIMAT0018107,2.402
MIMAT0018106,2.358
MIMAT0018088,0.277
MIMAT0018087,13.330
MIMAT0016855,-3.467
MIMAT0015029,2.580
MIMAT0019759,3.751
MIMAT0018930,-3.467
MIMAT0019723,7.140
MIMAT0018953,0.295
MIMAT0019768,2.914
MIMAT0019704,2.665
MIMAT0019715,10.559
MIMAT0019871,9.317
MIMAT0019860,1.032
MIMAT0019880,1.553
MIMAT0019850,4.967
MIMAT0019902,-3.467
MIMAT0022942,7.426
MIMAT0022941,9.435
MIMAT0022839,4.394
MIMAT0022838,7.199
MIMAT0022722, MIMAT0022733, MIMAT0022739,-3.467
MIMAT0022721,5.771
MIMAT0019753,-3.467
MIMAT0019234,-3.467
MIMAT0019231,3.036
MIMAT0019010,2.857
MIMAT0027432,5.034
MIMAT0027431,6.505
MIMAT0027416,3.583
MIMAT0027415,3.125
MIMAT0027400,3.799
MIMAT0027399,4.875
MIMAT0027384,4.667
MIMAT0027383,6.825
MIMAT0023252,13.573
MIMAT0023116,6.341
MIMAT0027688,5.506
MIMAT0027687,4.496
MIMAT0027672,4.098
MIMAT0027671,4.212
MIMAT0027656,3.860
MIMAT0027655,5.450
MIMAT0027640,7.462
MIMAT0027639,2.519
MIMAT0003310,1.676
MIMAT0003309,-0.301
MIMAT0001075,3.005
MIMAT0000773,4.688
MIMAT0000754,2.570
MIMAT0000753,2.925
MIMAT0000725,6.083
MIMAT0000723,1.794
MIMAT0000692,1.281
MIMAT0000691,-3.467
MIMAT0004981,-0.129
MIMAT0004980,2.096
MIMAT0004955,1.247
MIMAT0004954,-3.467
MIMAT0004481,0.679
MIMAT0004450,3.007
MIMAT0003389,-3.467
MIMAT0003386,0.531
MIMAT0003326,10.331
MIMAT0003325,-0.104
MIMAT0016859,-0.002
MIMAT0009197,1.650
MIMAT0009451,5.234
MIMAT0009203,4.578
MIMAT0000081,0.957
MIMAT0000073,2.421
MIMAT0005797,3.286
MIMAT0005796,3.204
MIMAT0005583,6.221
MIMAT0005582,12.306
MIMAT0019822,3.113
MIMAT0019693,1.410
MIMAT0019736,-1.828
MIMAT0018447, MIMAT0022730,2.115
MIMAT0018444,8.078
MIMAT0018443,2.845
MIMAT0018205,6.662
MIMAT0018204,2.375
MIMAT0011162,-1.318
MIMAT0011161,4.625
MIMAT0019740,5.965
MIMAT0018962,2.584
MIMAT0019760,-3.467
MIMAT0019001,2.822
MIMAT0018974,1.738
MIMAT0019812,2.976
MIMAT0019065,5.087
MIMAT0019082,4.923
MIMAT0019884,4.081
MIMAT0019909,1.937
MIMAT0019048,1.561
MIMAT0019746,2.178
MIMAT0025457,-3.467
MIMAT0025456,1.760
MIMAT0024611,-3.467
MIMAT0024610,4.863
MIMAT0023704,0.144
MIMAT0023703,0.162
MIMAT0021025,1.148
MIMAT0021024,4.056
MIMAT0015073,1.837
MIMAT0009199,6.492
MIMAT0027492,4.300
MIMAT0027491,4.166
MIMAT0027476,3.857
MIMAT0027475,3.817
MIMAT0027460,3.988
MIMAT0027459,4.303
MIMAT0027444,4.706
MIMAT0027443,3.172
MIMAT0025473,2.735
MIMAT0025472,3.095
MIMAT0030417,2.993
MIMAT0030416,3.841
MIMAT0028233,4.059
MIMAT0028232,2.326
MIMAT0028217,-3.467
MIMAT0028216,2.536
MIMAT0028117,7.065
MIMAT0028116,5.085
MIMAT0003245,2.898
MIMAT0003244,1.567
MIMAT0000460,2.625
MIMAT0000459,1.561
MIMAT0000443,3.318
MIMAT0000442,1.422
MIMAT0000426,2.212
MIMAT0000425,3.380
MIMAT0000279,1.994
MIMAT0000278,3.239
MIMAT0004801,-3.467
MIMAT0004800,5.778
MIMAT0004776,3.252
MIMAT0004775,2.194
MIMAT0003294,2.515
MIMAT0003293,2.877
MIMAT0003278,2.192
MIMAT0003277,2.781
MIMAT0003261,3.562
MIMAT0003260,3.139
MIMAT0016869,1.642
MIMAT0015085,3.884
MIMAT0015041,7.211
MIMAT0014990,3.267
MIMAT0015046,1.994
MIMAT0015016,0.888
MIMAT0004924,-0.993
MIMAT0004923,-0.548
MIMAT0004902,3.219
MIMAT0004901,2.338
MIMAT0018189,-3.467
MIMAT0018188,-3.467
MIMAT0018119,2.549
MIMAT0018118,4.071
MIMAT0018103,3.330
MIMAT0018102,3.457
MIMAT0018084,4.198
MIMAT0018083,4.085
MIMAT0016902,1.877
MIMAT0015018,1.671
MIMAT0019700,4.700
MIMAT0018956,0.779
MIMAT0019821,3.573
MIMAT0019849,6.880
MIMAT0019985,4.122
MIMAT0019853,6.065
MIMAT0019919,4.371
MIMAT0019011,4.538
MIMAT0019071,10.672
MIMAT0019771,5.024
MIMAT0019221,-1.184
MIMAT0018965,7.337
MIMAT0022938,7.791
MIMAT0022929,3.531
MIMAT0022741,2.219
MIMAT0022737,3.435
MIMAT0022717,4.900
MIMAT0022714,2.933
MIMAT0019958,4.422
MIMAT0020600,3.246
MIMAT0018958,4.070
MIMAT0019792,4.310
MIMAT0027428,4.097
MIMAT0027427,5.274
MIMAT0027412,8.026
MIMAT0027411,2.664
MIMAT0027396,4.476
MIMAT0027395,4.766
MIMAT0027380,2.512
MIMAT0027379,-0.926
MIMAT0022978,2.666
MIMAT0022977,8.782
MIMAT0027684,5.076
MIMAT0027683,4.531
MIMAT0027668,3.442
MIMAT0027667,3.881
MIMAT0027652,3.945
MIMAT0027651,4.810
MIMAT0027636,3.649
MIMAT0027635,4.652
MIMAT0003306,4.533
MIMAT0003305,3.102
MIMAT0000770,3.726
MIMAT0000765,3.185
MIMAT0000750,3.441
MIMAT0000738,3.491
MIMAT0000720,1.178
MIMAT0000719,2.194
MIMAT0000687,3.050
MIMAT0000685,2.642
MIMAT0004977,1.412
MIMAT0004976,3.314
MIMAT0004951,7.778
MIMAT0004950,4.752
MIMAT0003945,3.792
MIMAT0003888,4.781
MIMAT0003339,2.918
MIMAT0003338,3.105
MIMAT0003322,2.677
MIMAT0003321,3.357
MIMAT0016910,3.247
MIMAT0000686,3.263
MIMAT0009448,2.921
MIMAT0009198,2.870
MIMAT0016854,3.415
MIMAT0016866,1.575
MIMAT0005793,3.583
MIMAT0005792,3.755
MIMAT0005576,3.413
MIMAT0005573,6.480
MIMAT0019729,2.951
MIMAT0019766,3.510
MIMAT0019202,3.505
MIMAT0019877,2.714
MIMAT0018359,3.784
MIMAT0018358,3.144
MIMAT0018201,1.813
MIMAT0018200,4.457
MIMAT0011158,-2.434
MIMAT0011157,2.468
MIMAT0019209,3.914
MIMAT0018992,3.419
MIMAT0019798,3.978
MIMAT0018961,6.633
MIMAT0016922,2.396
MIMAT0015036,7.195
MIMAT0019058,2.892
MIMAT0019956,13.489
MIMAT0019031,3.813
MIMAT0018975,2.414
MIMAT0019911,2.343
MIMAT0019738,4.034
MIMAT0025453,0.730
MIMAT0025452,1.925
MIMAT0024597,7.526
MIMAT0023715,12.901
MIMAT0023700,8.363
MIMAT0023699,2.991
MIMAT0021021,8.018
MIMAT0021020,2.786
MIMAT0015022,3.446
MIMAT0020300,0.615
MIMAT0027488,8.066
MIMAT0027487,4.530
MIMAT0027472,12.645
MIMAT0027471,4.474
MIMAT0027456,6.496
MIMAT0027455,5.125
MIMAT0027440,2.787
MIMAT0027439,4.431
MIMAT0025469,-0.374
MIMAT0025468,2.649
MIMAT0030413,4.605
MIMAT0030412,2.429
MIMAT0028229,1.454
MIMAT0028228,2.507
MIMAT0028213,4.151
MIMAT0028212,2.883
MIMAT0028113,9.567
MIMAT0028112,2.681
MIMAT0003241,3.554
MIMAT0003240,8.153
MIMAT0000456,2.552
MIMAT0000455,3.888
MIMAT0000439,3.201
MIMAT0000438,3.074
MIMAT0000422,3.179
MIMAT0000421,3.004
MIMAT0000273,2.887
MIMAT0000272,3.121
MIMAT0004797,2.659
MIMAT0004796,2.222
MIMAT0004772,2.048
MIMAT0004770,2.296
MIMAT0003290,3.012
MIMAT0003289,3.305
MIMAT0003274,2.619
MIMAT0003273,2.979
MIMAT0003257,3.514
MIMAT0003256,4.469
MIMAT0015009,2.356
MIMAT0015088,2.834
MIMAT0014979,2.642
MIMAT0015002,3.866
MIMAT0014995,4.349
MIMAT0016883,3.827
MIMAT0004920,1.435
MIMAT0004919,2.160
MIMAT0004813,3.224
MIMAT0004812,2.828
MIMAT0018185,4.493
MIMAT0018184,3.371
MIMAT0018115,3.173
MIMAT0018114,2.815
MIMAT0018098,2.856
MIMAT0018097,2.343
MIMAT0018080,3.123
MIMAT0018079,5.003
MIMAT0015089,4.028
MIMAT0015040,3.320
MIMAT0019854,4.849
MIMAT0019002,2.990
MIMAT0018994,10.575
MIMAT0019874,4.893
MIMAT0019217,3.250
MIMAT0019904,5.219
MIMAT0019198,2.187
MIMAT0018978,3.110
MIMAT0018981,8.750
MIMAT0019921,2.326
MIMAT0019899,4.423
MIMAT0013517,-3.467
MIMAT0022924,4.506
MIMAT0022923,1.356
MIMAT0020924,7.825
MIMAT0022732,4.201
MIMAT0022711,3.917
MIMAT0022710,1.431
MIMAT0019915,3.289
MIMAT0018940,2.520
MIMAT0019066,3.252
MIMAT0018973,3.716
MIMAT0027424,7.299
MIMAT0027423,4.567
MIMAT0027408,4.152
MIMAT0027407,4.413
MIMAT0027392,6.259
MIMAT0027391,2.875
MIMAT0027376,3.830
MIMAT0027375,6.609
MIMAT0022967,8.022
MIMAT0022966,2.644
MIMAT0027680,4.620
MIMAT0027679,4.543
MIMAT0027664,2.656
MIMAT0027663,4.353
MIMAT0027648,3.373
MIMAT0027647,3.761
MIMAT0027632,2.602
MIMAT0027631,4.874
MIMAT0003302,3.806
MIMAT0003301,3.356
MIMAT0000762,4.102
MIMAT0000761,3.912
MIMAT0000734,3.764
MIMAT0000733,3.379
MIMAT0000716,4.004
MIMAT0000715,3.629
MIMAT0000682,3.363
MIMAT0000681,4.332
MIMAT0004972,3.413
MIMAT0004971,3.205
MIMAT0004947,4.410
MIMAT0004946,3.245
MIMAT0003885,3.086
MIMAT0003884,3.205
MIMAT0003335,3.552
MIMAT0003333,3.803
MIMAT0003318,3.545
MIMAT0003317,3.881
MIMAT0010497,3.286
MIMAT0010367,3.406
MIMAT0015080,12.158
MIMAT0000432,2.637
MIMAT0016919,4.043
MIMAT0016879,7.992
MIMAT0005788,3.207
MIMAT0005593,5.130
MIMAT0005458,4.459
MIMAT0002831, MIMAT0005449, MIMAT0005450, MIMAT0005451, MIMAT0005452, MIMAT0005454,3.473
MIMAT0019898,3.564
MIMAT0019907,3.198
MIMAT0019013,0.584
MIMAT0019018,11.242
MIMAT0018355,1.292
MIMAT0018354,2.712
MIMAT0018197,2.981
MIMAT0018196,2.548
MIMAT0015045,3.448
MIMAT0015023,4.224
MIMAT0019222,2.007
MIMAT0019817,3.204
MIMAT0016856,1.632
MIMAT0015087,3.366
MIMAT0019891,1.901
MIMAT0019820,4.361
MIMAT0018960,8.710
MIMAT0019856,3.809
MIMAT0019779,5.668
MIMAT0018987,10.745
MIMAT0019756,9.917
MIMAT0019852,9.538
MIMAT0024782,4.758
MIMAT0024618,1.055
MIMAT0023712,11.747
MIMAT0023711,4.750
MIMAT0023696,3.309
MIMAT0023695,1.861
MIMAT0021017,2.568
MIMAT0020959,1.400
MIMAT0019895,3.036
MIMAT0019230,2.684
MIMAT0027484,5.590
MIMAT0027483,3.732
MIMAT0027468,12.717
MIMAT0027467,4.184
MIMAT0027452,4.842
MIMAT0027451,4.223
MIMAT0027436,10.174
MIMAT0027435,2.240
MIMAT0025465,2.641
MIMAT0025464,1.477
MIMAT0030020,2.377
MIMAT0030019,13.306
MIMAT0028225,3.690
MIMAT0028224,2.686
MIMAT0028125,7.847
MIMAT0028124,5.824
MIMAT0028109,5.574
MIMAT0027691,3.744
MIMAT0003237,4.789
MIMAT0003236,-3.467
MIMAT0000451,2.162
MIMAT0000450,3.558
MIMAT0000435,0.920
MIMAT0000434,1.947
MIMAT0000418,-0.197
MIMAT0000417,-3.467
MIMAT0000268,3.158
MIMAT0000267,3.470
MIMAT0004793,3.397
MIMAT0004792,9.650
MIMAT0004766,3.298
MIMAT0004765,2.793
MIMAT0003286,1.624
MIMAT0003285,2.208
MIMAT0003270,5.562
MIMAT0003269,0.484
MIMAT0003253,1.261
MIMAT0003252,2.255
MIMAT0014987,3.681
MIMAT0016877,3.027
MIMAT0015014,4.085
MIMAT0016882,4.647
MIMAT0015056,1.572
MIMAT0015065,7.436
MIMAT0004916,2.221
MIMAT0004913,-3.467
MIMAT0004809,0.640
MIMAT0004808,4.830
MIMAT0018181, MIMAT0019007,3.127
MIMAT0018179,3.714
MIMAT0018111,-3.467
MIMAT0018110,2.933
MIMAT0018093,1.903
MIMAT0018091,0.393
MIMAT0018076,11.358
MIMAT0018075,3.180
MIMAT0016885,0.828
MIMAT0016844,2.194
MIMAT0019226,4.532
MIMAT0019206,3.548
MIMAT0018997,4.324
MIMAT0019914,3.268
MIMAT0019728,2.583
MIMAT0019790,1.591
MIMAT0019696,4.393
MIMAT0019235,1.705
MIMAT0019029,-0.640
MIMAT0019858,2.586
MIMAT0019003,7.073
MIMAT0019774,5.207
MIMAT0022844,3.303
MIMAT0022842,3.405
MIMAT0022727,4.165
MIMAT0022726,4.496
MIMAT0022706,1.328
MIMAT0022705,-3.467
MIMAT0019215,4.950
MIMAT0019078,2.383
MIMAT0019023,4.129
MIMAT0018971,6.654
MIMAT0027420,4.377
MIMAT0027419,4.813
MIMAT0027404,11.351
MIMAT0027403,3.550
MIMAT0027388,4.997
MIMAT0027387,9.832
MIMAT0027372,3.614
MIMAT0027371,4.529
MIMAT0022947,5.663
MIMAT0022946,12.670
MIMAT0027676,4.472
MIMAT0027675,4.450
MIMAT0027660,7.140
MIMAT0027659,5.404
MIMAT0027644,2.443
MIMAT0027643,2.323
MIMAT0027628,-1.235
MIMAT0027627,2.993
MIMAT0004504,-3.467
MIMAT0004503,-2.372
MIMAT0002846,1.931
MIMAT0002845, MIMAT0005455, MIMAT0005456,1.891
MIMAT0002826,3.057
MIMAT0002825,2.771
MIMAT0002809,2.033
MIMAT0002808,1.519
MIMAT0001638,2.980
MIMAT0001636,2.192
MIMAT0005892,2.530
MIMAT0005891,3.614
MIMAT0005875,1.403
MIMAT0005874,0.553
MIMAT0004593,-0.137
MIMAT0004592,4.906
MIMAT0004565,-3.467
MIMAT0004564,1.011
MIMAT0004548,2.379
MIMAT0004543,-0.527
MIMAT0015024,4.574
MIMAT0016867,3.299
MIMAT0015062,-3.467
MIMAT0016851,2.423
MIMAT0012734,8.136
MIMAT0011778,3.807
MIMAT0005926,3.034
MIMAT0005925,2.154
MIMAT0005908,0.857
MIMAT0005907,1.467
MIMAT0018963,-3.467
MIMAT0019747,-0.199
MIMAT0019028,-3.467
MIMAT0019794,-3.467
MIMAT0019046,-1.448
MIMAT0018934,2.631
MIMAT0019830,3.967
MIMAT0019908,1.058
MIMAT0016900,8.020
MIMAT0015378,1.902
MIMAT0018993,12.831
MIMAT0019815,5.810
MIMAT0021127,6.341
MIMAT0021126,2.815
MIMAT0021082,7.676
MIMAT0021081,-3.467
MIMAT0019227,3.543
MIMAT0019793,4.251
MIMAT0019840,-3.467
MIMAT0019694,1.620
MIMAT0019363,2.047
MIMAT0019362,1.877
MIMAT0026558,2.571
MIMAT0026557,0.308
MIMAT0026474,4.770
MIMAT0026473,0.674
MIMAT0025848,4.971
MIMAT0025847,4.713
MIMAT0022284,2.393
MIMAT0022283,2.916
MIMAT0022268,2.024
MIMAT0022267,-3.467
MIMAT0027562,5.835
MIMAT0027561,4.102
MIMAT0027546,2.995
MIMAT0027545,3.354
MIMAT0027530,4.903
MIMAT0027529,2.644
MIMAT0027514,5.615
MIMAT0027513,2.873
MIMAT0026619,1.051
MIMAT0026618,3.849
MIMAT0031890,3.366
MIMAT0032029,7.675
MIMAT0031095,9.943
MIMAT0031074,3.187
MIMAT0031002,4.104
MIMAT0031001,2.626
MIMAT0030986,7.808
MIMAT0030985,1.433
MIMAT0002863,1.222
MIMAT0002862, MIMAT0005457,-3.467
MIMAT0000266,1.699
MIMAT0000265,2.046
MIMAT0000244,-3.467
MIMAT0000242,2.383
MIMAT0000095,-3.467
MIMAT0000094,1.841
MIMAT0000078,1.907
MIMAT0000077,3.328
MIMAT0004678,2.884
MIMAT0004677,2.048
MIMAT0004609,9.430
MIMAT0004608,-3.467
MIMAT0003235,-3.467
MIMAT0003234,-3.467
MIMAT0003217,1.757
MIMAT0003216,-3.467
MIMAT0002880,0.632
MIMAT0002879,-1.526
MIMAT0007891,3.865
MIMAT0007890,6.732
MIMAT0007348,5.398
MIMAT0007347,10.517
MIMAT0005944,-3.467
MIMAT0005943,2.125
MIMAT0004764,-1.438
MIMAT0004763,-3.467
MIMAT0004696,3.301
MIMAT0004695,-3.467
MIMAT0018074,-1.533
MIMAT0018073,-3.467
MIMAT0017998,-1.152
MIMAT0017997,-3.467
MIMAT0017982,3.121
MIMAT0017981,-3.467
MIMAT0014978,-3.467
MIMAT0015001,-3.467
MIMAT0015053,3.500
MIMAT0016847,-0.003
MIMAT0019913,8.437
MIMAT0019690,0.918
MIMAT0019967,2.678
MIMAT0019923,4.788
MIMAT0019213,3.753
MIMAT0019201,0.732
MIMAT0019787,-3.467
MIMAT0019076,-3.467
MIMAT0019863,3.424
MIMAT0019847,-1.931
MIMAT0019978,4.383
MIMAT0019786,2.425
MIMAT0022496,3.253
MIMAT0022495,1.026
MIMAT0022480,-3.467
MIMAT0022479,0.261
MIMAT0022300,-3.467
MIMAT0022299,-3.467
MIMAT0019945,-3.467
MIMAT0019789,4.466
MIMAT0019063,0.263
MIMAT0019060,0.302
MIMAT0027370,3.880
MIMAT0027369,3.708
MIMAT0027354,4.672
MIMAT0027353,9.140
MIMAT0026749,1.312
MIMAT0026744,-3.467
MIMAT0026718,5.163
MIMAT0026717,0.559
MIMAT0022702,2.448
MIMAT0022701,-3.467
MIMAT0027626,4.818
MIMAT0027625,3.568
MIMAT0027610,3.792
MIMAT0027609,0.234
MIMAT0027594,1.232
MIMAT0027593,2.936
MIMAT0027578,2.751
MIMAT0027577,3.012
MIMAT0004500,3.553
MIMAT0004499,1.273
MIMAT0002842,0.911
MIMAT0002841,2.525
MIMAT0002822,3.038
MIMAT0002821,1.787
MIMAT0002805,1.459
MIMAT0002804,1.740
MIMAT0001630,1.904
MIMAT0001629,-0.915
MIMAT0005887,-3.467
MIMAT0005886,-3.467
MIMAT0005871,6.754
MIMAT0005870,1.521
MIMAT0004589,4.276
MIMAT0004588,2.179
MIMAT0004561,7.662
MIMAT0004560,3.707
MIMAT0004516,-0.677
MIMAT0004515,-3.467
MIMAT0015055,12.098
MIMAT0016871,-3.467
MIMAT0016884,2.817
MIMAT0015063,2.961
MIMAT0011163,5.618
MIMAT0016897,4.434
MIMAT0005922,11.233
MIMAT0005921,1.835
MIMAT0005904,1.094
MIMAT0005903,-0.265
MIMAT0018980,1.682
MIMAT0019888,4.423
MIMAT0019743,6.027
MIMAT0018937,2.144
MIMAT0019752,-3.467
MIMAT0019939,3.559
MIMAT0019795,-0.384
MIMAT0019936,0.680
MIMAT0015037,-3.467
MIMAT0015051,6.655
MIMAT0019757,6.330
MIMAT0019027,10.694
MIMAT0021123,0.404
MIMAT0021122,2.080
MIMAT0021045,-0.579
MIMAT0021044,3.039
MIMAT0019773,3.634
MIMAT0013516,0.131
MIMAT0019019,2.756
MIMAT0019983,2.429
MIMAT0019903,8.166
MIMAT0018957,1.059
MIMAT0026486,11.025
MIMAT0026485,-3.467
MIMAT0021080,4.177
MIMAT0000732,2.660
MIMAT0025844,6.344
MIMAT0025843,2.155
MIMAT0022280,-2.753
MIMAT0022279,-3.467
MIMAT0022264,-1.042
MIMAT0022263,-3.467
MIMAT0027558,5.997
MIMAT0027557,2.405
MIMAT0027542,8.860
MIMAT0027541,4.196
MIMAT0027526,6.111
MIMAT0027525,3.487
MIMAT0027510,11.477
MIMAT0027509,5.001
MIMAT0026615,2.007
MIMAT0026614,3.954
MIMAT0035542,3.664
MIMAT0032114, MIMAT0032115,-3.467
MIMAT0031014,3.170
MIMAT0031013,1.912
MIMAT0030998,7.100
MIMAT0030997,1.730
MIMAT0030982,3.056
MIMAT0030981,2.969
MIMAT0002859,2.487
MIMAT0002858,1.385
MIMAT0000262,2.430
MIMAT0000261,-3.467
MIMAT0000227,4.590
MIMAT0000226,1.724
MIMAT0000091,0.283
MIMAT0000090,2.642
MIMAT0000074,2.611
MIMAT0000072,-3.467
MIMAT0004674,5.283
MIMAT0004673,0.184
MIMAT0004605,2.711
MIMAT0004604,2.970
MIMAT0003231,0.616
MIMAT0003230,3.410
MIMAT0003180,1.455
MIMAT0003165,-3.467
MIMAT0002876,-3.467
MIMAT0002875,2.478
MIMAT0007887,-3.467
MIMAT0007886,-3.467
MIMAT0006767,-3.467
MIMAT0006765,4.428
MIMAT0005940,0.675
MIMAT0005939,5.049
MIMAT0004757,-2.026
MIMAT0004752,2.064
MIMAT0004692,0.906
MIMAT0004690,-0.243
MIMAT0018070,2.303
MIMAT0018069,3.332
MIMAT0017994,3.942
MIMAT0017993,1.946
MIMAT0017352,3.777
MIMAT0015021,1.681
MIMAT0015000,-1.520
MIMAT0015064,8.190
MIMAT0015004,1.126
MIMAT0016916,4.859
MIMAT0019869,3.073
MIMAT0019831,3.482
MIMAT0019712,3.867
MIMAT0019765,2.794
MIMAT0019755,5.919
MIMAT0019851,1.717
MIMAT0019233,2.677
MIMAT0019708,4.658
MIMAT0019969,3.452
MIMAT0019689,-3.467
MIMAT0018977,3.359
MIMAT0019022,12.888
MIMAT0022492,2.921
MIMAT0022491,5.177
MIMAT0022475,3.282
MIMAT0022474,4.344
MIMAT0022296,3.130
MIMAT0022295,1.454
MIMAT0019916,3.274
MIMAT0019036,1.348
MIMAT0019751,0.791
MIMAT0019955,3.063
MIMAT0027366,5.110
MIMAT0027365,8.626
MIMAT0027088,4.450
MIMAT0027041,3.540
MIMAT0026741,2.644
MIMAT0026740,3.617
MIMAT0026639,3.145
MIMAT0026638,2.290
MIMAT0022696,1.732
MIMAT0022695,2.668
MIMAT0027622,5.217
MIMAT0027621,4.021
MIMAT0027606,3.975
MIMAT0027605,2.551
MIMAT0027590,9.134
MIMAT0027589,2.717
MIMAT0027574,4.084
MIMAT0027573,4.269
MIMAT0004496,4.272
MIMAT0004495,3.152
MIMAT0002838,3.239
MIMAT0002837,2.945
MIMAT0002818,-3.467
MIMAT0002817,-3.467
MIMAT0002176,2.874
MIMAT0002175,3.142
MIMAT0001621,0.484
MIMAT0001620,2.372
MIMAT0005883,0.227
MIMAT0005882,0.331
MIMAT0005867,7.250
MIMAT0005866,6.630
MIMAT0004585,3.059
MIMAT0004584,-2.175
MIMAT0004557,-3.467
MIMAT0004556,0.440
MIMAT0004512,0.315
MIMAT0004511,1.705
MIMAT0016849,10.762
MIMAT0016889,8.851
MIMAT0014992,2.407
MIMAT0002832,0.622
MIMAT0015043,-0.596
MIMAT0016911,2.501
MIMAT0005918,0.344
MIMAT0005917,-3.467
MIMAT0005900,-3.467
MIMAT0005899,4.263
MIMAT0019809,4.167
MIMAT0019050,5.953
MIMAT0018984,1.006
MIMAT0018927,1.674
MIMAT0019705,-0.017
MIMAT0019866,2.183
MIMAT0019724,1.981
MIMAT0019030,-2.824
MIMAT0015044,1.746
MIMAT0014988,1.787
MIMAT0019219,7.005
MIMAT0019212,4.136
MIMAT0021119,1.782
MIMAT0021118,2.932
MIMAT0021041,2.098
MIMAT0021040,3.310
MIMAT0019777,6.557
MIMAT0019950,-0.067
MIMAT0015081,0.561
MIMAT0013515,2.853
MIMAT0018933,2.788
MIMAT0019959,2.219
MIMAT0026482,2.880
MIMAT0026481,4.214
MIMAT0025856,10.202
MIMAT0025855,3.029
MIMAT0025487,6.024
MIMAT0025486,4.543
MIMAT0022276,3.447
MIMAT0022275,3.038
MIMAT0022258,3.352
MIMAT0022257,2.077
MIMAT0027554,4.652
MIMAT0027553,3.791
MIMAT0027538,7.515
MIMAT0027537,2.236
MIMAT0027522,1.467
MIMAT0027521,4.103
MIMAT0027506,10.777
MIMAT0027505,4.050
MIMAT0026611,-3.467
MIMAT0026610,3.168
MIMAT0031180,7.511
MIMAT0031179,3.054
MIMAT0031010,2.186
MIMAT0031009,2.360
MIMAT0030994,2.376
MIMAT0030993,0.298
MIMAT0030431,3.313
MIMAT0030430,2.019
MIMAT0002854,2.626
MIMAT0002853,3.096
MIMAT0000258,2.588
MIMAT0000257,1.198
MIMAT0000103,1.770
MIMAT0000102,-1.007
MIMAT0000087,3.525
MIMAT0000086,1.281
MIMAT0000069,-1.815
MIMAT0000068,1.610
MIMAT0004658,0.965
MIMAT0004657,1.696
MIMAT0004601,-0.294
MIMAT0004600,1.651
MIMAT0003226,-3.467
MIMAT0003225,-3.467
MIMAT0003161,-3.467
MIMAT0003150,1.452
MIMAT0002872,1.989
MIMAT0002871,1.511
MIMAT0007883,9.106
MIMAT0007882,4.260
MIMAT0005955,0.149
MIMAT0005953,2.517
MIMAT0005935,0.422
MIMAT0005934,2.177
MIMAT0004748,6.868
MIMAT0004703,0.689
MIMAT0004687,6.527
MIMAT0004686,1.786
MIMAT0018006,3.814
MIMAT0018005,3.963
MIMAT0017990,-3.342
MIMAT0017989,1.826
MIMAT0014980,0.556
MIMAT0014997,3.164
MIMAT0015076,2.706
MIMAT0014991,1.047
MIMAT0016925,-3.467
MIMAT0015032,2.315
MIMAT0019881,7.283
MIMAT0019806,6.973
MIMAT0019718,-3.467
MIMAT0019772,4.962
MIMAT0019713,-3.467
MIMAT0019783,2.680
MIMAT0019930,0.614
MIMAT0019920,-3.467
MIMAT0018936,-3.467
MIMAT0019062,1.491
MIMAT0019845,5.808
MIMAT0019882,3.707
MIMAT0022488,-0.985
MIMAT0022487,-3.467
MIMAT0022471,0.849
MIMAT0022470,1.326
MIMAT0022292,1.257
MIMAT0022291,1.505
MIMAT0018931,4.572
MIMAT0019952,1.596
MIMAT0019937,-3.467
MIMAT0019763,-2.780
MIMAT0027362,4.511
MIMAT0027361,3.622
MIMAT0027036,1.954
MIMAT0027032,3.338
MIMAT0026737,-3.467
MIMAT0026736,-1.002
MIMAT0026627,2.061
MIMAT0026626,2.298
MIMAT0022692,0.931
MIMAT0022691,6.941
MIMAT0027618,2.880
MIMAT0027617,4.257
MIMAT0027602,6.132
MIMAT0027601,3.399
MIMAT0027586,5.838
MIMAT0027585,3.586
MIMAT0027570,3.411
MIMAT0027569,3.322
MIMAT0004492,2.481
MIMAT0004491,5.524
MIMAT0002833,-3.467
MIMAT0002829,2.467
MIMAT0002814,1.030
MIMAT0002812,2.362
MIMAT0002172,1.187
MIMAT0002171,3.348
MIMAT0001541,2.430
MIMAT0001536,1.825
MIMAT0005879,1.903
MIMAT0005878,0.225
MIMAT0005829,2.345
MIMAT0005828,0.972
MIMAT0004569,1.181
MIMAT0004568,1.144
MIMAT0004553,2.023
MIMAT0004551,1.900
MIMAT0004508,9.814
MIMAT0004507,2.388
MIMAT0016864,4.013
MIMAT0015078,5.060
MIMAT0016868,2.515
MIMAT0013802,12.225
MIMAT0015090,1.581
MIMAT0016863,-3.467
MIMAT0005914,2.836
MIMAT0005913,-0.011
MIMAT0005896,0.555
MIMAT0005895,2.381
MIMAT0019706,-3.467
MIMAT0019197,-0.789
MIMAT0019074,2.289
MIMAT0019695,5.494
MIMAT0018959,-3.467
MIMAT0019051,-3.467
MIMAT0019824,-1.256
MIMAT0019893,4.121
MIMAT0013863,1.165
MIMAT0016903,-1.714
MIMAT0019337,14.836
MIMAT0019946,4.289
MIMAT0021086,0.810
MIMAT0021085,1.179
MIMAT0021037,-3.467
MIMAT0021036,-3.467
MIMAT0019938,1.669
MIMAT0019905,1.261
MIMAT0019208,1.707
MIMAT0019229,11.955
MIMAT0018999,4.400
MIMAT0018966,5.429
MIMAT0026478,1.946
MIMAT0026477,7.321
MIMAT0025852,7.583
MIMAT0025851,1.281
MIMAT0025483,1.729
MIMAT0025482,1.839
MIMAT0022272,3.389
MIMAT0022271,-3.467
MIMAT0021131,2.963
MIMAT0021130,0.803
MIMAT0027550,6.912
MIMAT0027549,3.523
MIMAT0027534,-3.467
MIMAT0027533,-3.467
MIMAT0027518,0.729
MIMAT0027517,3.389
MIMAT0027502,3.206
MIMAT0027501,5.097
MIMAT0026607,1.112
MIMAT0026606,-3.467
MIMAT0031176,1.346
MIMAT0031175,-2.867
MIMAT0031006,0.955
MIMAT0031005,3.195
MIMAT0030990,7.107
MIMAT0030989,1.141
MIMAT0030427,2.290
MIMAT0030426,5.195
MIMAT0002850,2.736
MIMAT0002849,-3.467
MIMAT0000254,1.517
MIMAT0000252,2.164
MIMAT0000099,1.573
MIMAT0000098,1.131
MIMAT0000083,2.415
MIMAT0000082,-0.201
MIMAT0000065,-3.467
MIMAT0000064,1.637
MIMAT0004613,-3.210
MIMAT0004612,2.552
MIMAT0004597,0.866
MIMAT0004596,-3.467
MIMAT0003221,6.802
MIMAT0003220,0.855
MIMAT0002888,-0.004
MIMAT0002883,-1.572
MIMAT0002868,0.570
MIMAT0002867,-3.467
MIMAT0007401,4.166
MIMAT0007400,4.175
MIMAT0005950,0.889
MIMAT0005949,3.281
MIMAT0005931,1.525
MIMAT0005930,2.002
MIMAT0004700,-0.827
MIMAT0004699,2.224
MIMAT0004682,3.781
MIMAT0004681,1.972
MIMAT0018002,11.362
MIMAT0018001,3.974
MIMAT0017986,-1.389
MIMAT0017985,3.115
MIMAT0015075,4.497
MIMAT0016853,3.035
MIMAT0014983,0.493
MIMAT0016861,0.827
MIMAT0015072,1.116
MIMAT0015030,3.776
MIMAT0019014,4.235
MIMAT0019953,5.318
MIMAT0019875,1.410
MIMAT0010214,1.754
MIMAT0019698,4.557
MIMAT0018979,0.515
MIMAT0018951,5.393
MIMAT0019702,3.866
MIMAT0019935,3.562
MIMAT0019741,2.780
MIMAT0018945,5.113
MIMAT0019901,2.171
MIMAT0022484,1.849
MIMAT0022483,2.114
MIMAT0022304,1.357
MIMAT0022303,2.714
MIMAT0022288,2.152
MIMAT0022287,2.991
MIMAT0019080,1.263
MIMAT0019924,-3.467
MIMAT0019929,-3.467
MIMAT0019025,-3.467
MIMAT0027358,4.589
MIMAT0027357,2.399
MIMAT0026921,1.365
MIMAT0026917,2.007
MIMAT0026722,2.237
MIMAT0026721,3.436
MIMAT0026623,2.740
MIMAT0026622,5.583
MIMAT0022500,-2.520
MIMAT0022499,3.430
MIMAT0031893,2.067
MIMAT0032110,1.807
MIMAT0027614,5.884
MIMAT0027613,-1.189
MIMAT0027598,4.006
MIMAT0027597,4.129
MIMAT0027582,3.154
MIMAT0027581,2.215
MIMAT0027566,2.833
MIMAT0027565,2.869
MIMAT0003316,1.411
MIMAT0003315,1.608
MIMAT0001412,0.125
MIMAT0001343,3.610
MIMAT0000760,1.971
MIMAT0000759,1.973
MIMAT0000731,1.520
MIMAT0000730,1.758
MIMAT0000714,3.409
MIMAT0000710, MIMAT0022834,3.871
MIMAT0004987,1.117
MIMAT0004986,3.276
MIMAT0004970,4.233
MIMAT0004960,1.089
MIMAT0004488,1.613
MIMAT0004487,-1.194
MIMAT0003883,2.498
MIMAT0003882,2.067
MIMAT0003332,2.251
MIMAT0003331,3.219
MIMAT0010133,5.298
MIMAT0009977,-0.476
MIMAT0010364,-0.202
MIMAT0010357,3.287
MIMAT0015052,4.246
MIMAT0000276,-3.467
MIMAT0005825,1.497
MIMAT0005824,-3.467
MIMAT0005592,5.327
MIMAT0005591,4.738
MIMAT0019827,3.922
MIMAT0019868,11.273
MIMAT0019042,3.954
MIMAT0019054,3.111
MIMAT0019079,3.178
MIMAT0018944,5.905
MIMAT0018353,1.437
MIMAT0018352,8.274
MIMAT0016891,4.285
MIMAT0002813,2.355
MIMAT0019059,1.502
MIMAT0019210,1.794
MIMAT0019876,2.026
MIMAT0019906,2.113
MIMAT0014986,3.944
MIMAT0019697,2.821
MIMAT0018976,8.553
MIMAT0019015,5.608
MIMAT0019870,5.037
MIMAT0019807,7.920
MIMAT0019061,3.882
MIMAT0019972,2.115
MIMAT0025463,2.018
MIMAT0025462,2.311
MIMAT0024617,4.001
MIMAT0024616,8.804
MIMAT0023710,10.594
MIMAT0023709,-0.959
MIMAT0021033,4.677
MIMAT0021030,-3.467
MIMAT0020958,4.021
MIMAT0020957,2.637
MIMAT0027498,8.926
MIMAT0027497,4.746
MIMAT0027482,9.851
MIMAT0027481,5.424
MIMAT0027466,3.525
MIMAT0027465,4.122
MIMAT0027450,8.424
MIMAT0027449,3.470
MIMAT0025479,4.766
MIMAT0025478,6.961
MIMAT0030423,3.880
MIMAT0030422,6.514
MIMAT0030018,2.711
MIMAT0030017,4.302
MIMAT0028223,-3.467
MIMAT0028222,0.820
MIMAT0028123,3.248
MIMAT0028122,1.967
MIMAT0003251,4.265
MIMAT0003250,1.769
MIMAT0000680,1.174
MIMAT0000646,2.526
MIMAT0000449,2.598
MIMAT0000448,1.595
MIMAT0000433,1.927
MIMAT0000431,2.791
MIMAT0000416,0.948
MIMAT0000415,1.784
MIMAT0004807,3.094
MIMAT0004806, MIMAT0022738, MIMAT0022740,2.628
MIMAT0004785,1.521
MIMAT0004784,-3.467
MIMAT0003300,2.831
MIMAT0003299,0.514
MIMAT0003284,1.941
MIMAT0003283,3.596
MIMAT0003268,-3.467
MIMAT0003267,3.271
MIMAT0015067,3.847
MIMAT0016848,2.763
MIMAT0015061,2.278
MIMAT0000253,0.204
MIMAT0015084,3.267
MIMAT0015042,-3.467
MIMAT0004945,8.132
MIMAT0004929,1.345
MIMAT0004912,2.105
MIMAT0004911,5.060
MIMAT0018195,2.378
MIMAT0018194,3.856
MIMAT0018178,9.135
MIMAT0018165,1.820
MIMAT0018109,2.257
MIMAT0018108,2.296
MIMAT0018090,3.389
MIMAT0018089,2.318
MIMAT0015050,2.619
MIMAT0016926,-3.467
MIMAT0019056,3.235
MIMAT0019928,3.608
MIMAT0019844,9.244
MIMAT0019033,4.865
MIMAT0019963,2.317
MIMAT0019719,3.032
MIMAT0018968,7.303
MIMAT0019964,6.255
MIMAT0019211,4.677
MIMAT0019927,-0.037
MIMAT0019823,0.281
MIMAT0019910,2.433
MIMAT0022945,5.939
MIMAT0022943,10.520
MIMAT0004552,4.795
MIMAT0000250,1.710
MIMAT0022725,1.844
MIMAT0022724,-2.082
MIMAT0019934,1.766
MIMAT0019974,-3.467
MIMAT0019720,3.911
MIMAT0019710,5.327
MIMAT0027434,3.896
MIMAT0027433,5.101
MIMAT0027418,4.598
MIMAT0027417,2.658
MIMAT0027402,4.323
MIMAT0027401,4.696
MIMAT0027386,3.226
MIMAT0027385,4.853
MIMAT0023694,4.466
MIMAT0023693,4.532
MIMAT0027690,5.410
MIMAT0027689,5.039
MIMAT0027674,5.971
MIMAT0027673,4.858
MIMAT0027658,8.796
MIMAT0027657,2.391
MIMAT0027642,4.293
MIMAT0027641,4.036
MIMAT0003312,4.342
MIMAT0003311,-3.467
MIMAT0001339,6.133
MIMAT0001080,-3.467
MIMAT0000756,3.615
MIMAT0000755,2.347
MIMAT0000727,0.862
MIMAT0000726,1.773
MIMAT0000703,-3.467
MIMAT0000693,2.266
MIMAT0004983,6.413
MIMAT0004982,7.005
MIMAT0004957,7.442
MIMAT0004956,1.663
MIMAT0004484,3.039
MIMAT0004482,3.269
MIMAT0003879,1.109
MIMAT0003393,1.235
MIMAT0003328,1.951
MIMAT0003327,2.795
MIMAT0009447,3.744
MIMAT0009978,-1.280
MIMAT0010195,3.754
MIMAT0009979,-3.467
MIMAT0015006,2.992
MIMAT0000241,2.371
MIMAT0005799,-3.467
MIMAT0005798,-3.467
MIMAT0005586,7.173
MIMAT0005584,5.098
MIMAT0019035,2.596
MIMAT0019841,-0.515
MIMAT0018969,1.858
MIMAT0018989, MIMAT0022707,-3.467
MIMAT0018446, MIMAT0022723,2.303
MIMAT0018445,3.038
MIMAT0018349,3.714
MIMAT0018206,2.941
MIMAT0016904,5.784
MIMAT0015026,3.480
MIMAT0019769,1.224
MIMAT0019887,5.962
MIMAT0015069,5.783
MIMAT0016887,-2.326
MIMAT0020541,0.674
MIMAT0019778,8.739
MIMAT0019859,11.957
MIMAT0019038,3.146
MIMAT0018983,2.587
MIMAT0019957,5.581
MIMAT0019709,2.503
MIMAT0018941,1.559
MIMAT0025459,3.739
MIMAT0025458,4.426
MIMAT0024613,3.231
MIMAT0024612,2.549
MIMAT0023706,3.569
MIMAT0023705,3.216
MIMAT0021027,3.840
MIMAT0021026,1.503
MIMAT0019886,5.352
MIMAT0019688,4.673
MIMAT0027494,5.863
MIMAT0027493,5.164
MIMAT0027478,9.420
MIMAT0027477,3.083
MIMAT0027462,10.497
MIMAT0027461,3.073
MIMAT0027446,2.313
MIMAT0027445,4.085
MIMAT0025475,3.568
MIMAT0025474,3.342
MIMAT0030419,2.729
MIMAT0030418,3.417
MIMAT0028235,3.415
MIMAT0028234,2.107
MIMAT0028219,2.888
MIMAT0028218,2.632
MIMAT0028119,7.779
MIMAT0028118,4.503
MIMAT0003247,2.394
MIMAT0003246,2.405
MIMAT0000462,3.489
MIMAT0000461,1.413
MIMAT0000445,-3.467
MIMAT0000444,2.564
MIMAT0000428,1.229
MIMAT0000427,0.268
MIMAT0000281,-3.467
MIMAT0000280,3.324
MIMAT0004803,-3.467
MIMAT0004802,2.871
MIMAT0004778,3.847
MIMAT0004777,2.653
MIMAT0003296,0.726
MIMAT0003295,2.076
MIMAT0003280,3.758
MIMAT0003279,2.866
MIMAT0003264,2.571
MIMAT0003263,2.633
MIMAT0014985,1.671
MIMAT0015028,5.885
MIMAT0016870,2.309
MIMAT0016895,4.215
MIMAT0015020,2.863
MIMAT0016865,4.278
MIMAT0004926,3.163
MIMAT0004925,-3.467
MIMAT0004907,-3.467
MIMAT0004903,-3.467
MIMAT0018191,5.460
MIMAT0018190,2.314
MIMAT0018121,2.955
MIMAT0018120,2.670
MIMAT0018105,5.600
MIMAT0018104,7.319
MIMAT0018086,2.252
MIMAT0018085,11.481
MIMAT0016878,6.231
MIMAT0016905,-3.467
MIMAT0018964,2.834
MIMAT0019721,7.687
MIMAT0019711,9.062
MIMAT0019699,7.406
MIMAT0019072,5.090
MIMAT0019834,2.379
MIMAT0018925,9.936
MIMAT0019691,9.014
MIMAT0019839,4.784
MIMAT0019947,5.542
MIMAT0019979,4.780
MIMAT0019742,2.185
MIMAT0022940,2.301
MIMAT0022939,4.769
MIMAT0022833,3.599
MIMAT0022742,6.415
MIMAT0022720,3.746
MIMAT0022719,3.156
MIMAT0019083,2.689
MIMAT0019731,2.289
MIMAT0019040,2.614
MIMAT0019970,2.152
MIMAT0027430,11.028
MIMAT0027429,3.502
MIMAT0027414,6.515
MIMAT0027413,5.084
MIMAT0027398,9.147
MIMAT0027397,4.280
MIMAT0027382,3.946
MIMAT0027381,3.993
MIMAT0022984,3.328
MIMAT0022979,4.502
MIMAT0027686,8.074
MIMAT0027685,4.673
MIMAT0027670,10.186
MIMAT0027669,4.569
MIMAT0027654,6.697
MIMAT0027653,3.245
MIMAT0027638,13.672
MIMAT0027637,4.042
MIMAT0003308,12.837
MIMAT0003307,3.704
MIMAT0000772,2.364
MIMAT0000771,2.339
MIMAT0000752,4.540
MIMAT0000751,3.097
MIMAT0000722,5.042
MIMAT0000721,2.468
MIMAT0000689,3.130
MIMAT0000688,2.456
MIMAT0004979,2.755
MIMAT0004978,3.770
MIMAT0004953,3.230
MIMAT0004952,6.796
MIMAT0004185,1.252
MIMAT0003948,2.100
MIMAT0003385,3.236
MIMAT0003340,4.077
MIMAT0003324,3.465
MIMAT0003323,3.181
MIMAT0015035,0.991
MIMAT0000690,6.860
MIMAT0009206,2.316
MIMAT0009196,2.542
MIMAT0016924,-0.701
MIMAT0016857,3.275
MIMAT0005795,-0.619
MIMAT0005794,2.935
MIMAT0005580,2.451
MIMAT0005577,3.703
MIMAT0019205,-3.467
MIMAT0019975,-3.467
MIMAT0019732,2.356
MIMAT0018948,-0.123
MIMAT0018361,3.988
MIMAT0018360,4.185
MIMAT0018203,2.330
MIMAT0018202,-3.467
MIMAT0011160,3.008
MIMAT0011159,1.543
MIMAT0019776,5.680
MIMAT0019032,12.241
MIMAT0019889,2.493
MIMAT0019077,5.329
MIMAT0019814,1.973
MIMAT0015031,-3.467
MIMAT0018996,-3.055
MIMAT0019055,1.774
MIMAT0019006,4.904
MIMAT0019034,5.346
MIMAT0018946,1.852
MIMAT0019933,-3.467
MIMAT0025455,1.009
MIMAT0025454,2.025
MIMAT0024599,11.544
MIMAT0024598,12.240
MIMAT0023702,3.167
MIMAT0023701,7.023
MIMAT0021023,1.108
MIMAT0021022,1.470
MIMAT0002835,1.247
MIMAT0000453,-3.467
MIMAT0027490,5.550
MIMAT0027489,4.418
MIMAT0027474,8.097
MIMAT0027473,4.883
MIMAT0027458,7.151
MIMAT0027457,3.936
MIMAT0027442,9.104
MIMAT0027441,4.082
MIMAT0025471,2.607
MIMAT0025470,2.913
MIMAT0030415,3.784
MIMAT0030414,7.628
MIMAT0028231,2.454
MIMAT0028230,4.502
MIMAT0028215,2.500
MIMAT0028214,3.868
MIMAT0028115,7.282
MIMAT0028114,5.477
MIMAT0003243,3.372
MIMAT0003242,1.374
MIMAT0000458,2.303
MIMAT0000457,3.801
MIMAT0000441,2.016
MIMAT0000440,3.510
MIMAT0000424,2.526
MIMAT0000423,3.203
MIMAT0000275,1.721
MIMAT0000274,0.149
MIMAT0004799,3.249
MIMAT0004798,2.261
MIMAT0004774,2.779
MIMAT0004773,2.161
MIMAT0003292,-0.105
MIMAT0003291,1.541
MIMAT0003276,2.782
MIMAT0003275,0.296
MIMAT0003259,1.510
MIMAT0003258,-3.467
MIMAT0014982,1.031
MIMAT0015013,0.288
MIMAT0014977,-3.467
MIMAT0015015,2.696
MIMAT0015070,6.548
MIMAT0016923,3.056
MIMAT0004922,0.957
MIMAT0004921,0.610
MIMAT0004819,3.017
MIMAT0004814,2.217
MIMAT0018187,2.915
MIMAT0018186,2.362
MIMAT0018117, MIMAT0018180, MIMAT0019009,-1.355
MIMAT0018116,2.414
MIMAT0018101,2.823
MIMAT0018099,4.687
MIMAT0018082,2.633
MIMAT0018081,2.722
MIMAT0015377,2.479
MIMAT0015079,8.222
MIMAT0019797,4.575
MIMAT0019960,2.707
MIMAT0018998,2.338
MIMAT0019775,9.594
MIMAT0019885,7.832
MIMAT0019214,4.256
MIMAT0019912,5.209
MIMAT0013518,3.848
MIMAT0019069,10.505
MIMAT0019012,2.843
MIMAT0019049,3.596
MIMAT0019941,2.928
MIMAT0022928,1.700
MIMAT0022925,3.811
MIMAT0022736,4.167
MIMAT0022735,3.261
MIMAT0022713,6.841
MIMAT0022712,1.887
MIMAT0019754,3.241
MIMAT0019931,2.730
MIMAT0019802,2.633
MIMAT0019855,4.386
MIMAT0027426,7.122
MIMAT0027425,4.007
MIMAT0027410,2.197
MIMAT0027409,4.631
MIMAT0027394,4.087
MIMAT0027393,4.771
MIMAT0027378,4.142
MIMAT0027377,5.936
MIMAT0022975,2.017
MIMAT0022970,3.113
MIMAT0027682,7.192
MIMAT0027681,4.987
MIMAT0027666,3.748
MIMAT0027665,4.391
MIMAT0027650,9.383
MIMAT0027649,2.460
MIMAT0027634,3.395
MIMAT0027633,3.942
MIMAT0003304,3.926
MIMAT0003303,1.451
MIMAT0000764,2.162
MIMAT0000763,2.753
MIMAT0000737,2.410
MIMAT0000736,1.962
MIMAT0000718,1.701
MIMAT0000717,1.760
MIMAT0000684,-3.467
MIMAT0000683,1.338
MIMAT0004975,0.472
MIMAT0004974,-3.467
MIMAT0004949,3.843
MIMAT0004948,4.716
MIMAT0003887,4.137
MIMAT0003886,0.452
MIMAT0003337,4.311
MIMAT0003336,5.103
MIMAT0003320,3.710
MIMAT0003319,-3.467
MIMAT0016892,-0.989
MIMAT0016915,2.946
MIMAT0005911,5.735
MIMAT0004284,6.330
MIMAT0015071,2.148
MIMAT0016876,2.661
MIMAT0005791,1.666
MIMAT0005789,0.876
MIMAT0005572,7.212
MIMAT0005459,4.733
MIMAT0019024,-3.467
MIMAT0019016,0.820
MIMAT0018972,1.678
MIMAT0018928,3.628
MIMAT0018357,0.784
MIMAT0018356,4.392
MIMAT0018199,-3.467
MIMAT0018198,2.303
MIMAT0011156,-3.467
MIMAT0016873,5.033
MIMAT0019004,1.044
MIMAT0019000,2.902
MIMAT0019984,1.598
MIMAT0019057,2.107
MIMAT0016874,3.191
MIMAT0019944,1.954
MIMAT0019045,13.032
MIMAT0018947,3.198
MIMAT0019081,3.802
MIMAT0019758,3.004
MIMAT0019044,5.754
MIMAT0019739,8.830
MIMAT0025451,3.228
MIMAT0025450,3.221
MIMAT0023714,13.262
MIMAT0023713,10.648
MIMAT0023698,3.176
MIMAT0023697,2.535
MIMAT0021019,2.337
MIMAT0021018,2.630
MIMAT0019734,2.475
MIMAT0019727,2.879
MIMAT0027486,3.885
MIMAT0027485,4.793
MIMAT0027470,8.470
MIMAT0027469,4.582
MIMAT0027454,6.074
MIMAT0027453,4.068
MIMAT0027438,6.112
MIMAT0027437,3.036
MIMAT0025467,2.401
MIMAT0025466,3.127
MIMAT0030411,3.720
MIMAT0030021,2.941
MIMAT0028227,2.706
MIMAT0028226,2.960
MIMAT0028211,7.958
MIMAT0028126,4.454
MIMAT0028111,7.283
MIMAT0028110,4.720
MIMAT0003239,4.560
MIMAT0003238,-3.467
MIMAT0000454,2.832
MIMAT0000452,0.622
MIMAT0000437,2.567
MIMAT0000436,2.854
MIMAT0000420,3.357
MIMAT0000419,2.562
MIMAT0000271,3.106
MIMAT0000269,3.028
MIMAT0004795,3.819
MIMAT0004794,4.336
MIMAT0004768,1.086
MIMAT0004767,4.807
MIMAT0003288,2.016
MIMAT0003287,-0.515
MIMAT0003272,2.452
MIMAT0003271,1.940
MIMAT0003255,3.010
MIMAT0003254,3.367
MIMAT0016898,-3.467
MIMAT0016845,0.848
MIMAT0015012,2.466
MIMAT0015039,-3.467
MIMAT0014998,2.580
MIMAT0015034,2.053
MIMAT0004918,3.493
MIMAT0004917,2.623
MIMAT0004811,2.822
MIMAT0004810,2.439
MIMAT0018183,1.791
MIMAT0018182,-3.467
MIMAT0018113,2.583
MIMAT0018112,1.589
MIMAT0018095,2.558
MIMAT0018094,2.736
MIMAT0018078,1.982
MIMAT0018077,1.806
MIMAT0016846,3.744
MIMAT0016880,4.167
MIMAT0019890,2.365
MIMAT0018943,3.591
MIMAT0019879,3.405
MIMAT0019203,2.923
MIMAT0019701,2.463
MIMAT0019816,1.745
MIMAT0019216,4.496
MIMAT0019833,3.137
MIMAT0019782,2.375
MIMAT0019900,2.766
MIMAT0019730,2.105
MIMAT0019788,7.914
MIMAT0022862,-3.467
MIMAT0022861,-3.467
MIMAT0022731,4.026
MIMAT0022728,2.35974658
MIMAT0022709,5.66696319
MIMAT0022708,2.148540054
MIMAT0019770,3.916735916
MIMAT0019749,3.97762267
MIMAT0019737,5.081660806
MIMAT0019838,8.875574445
MIMAT0027422,1.313060134
MIMAT0027421,4.00526465
MIMAT0027406,4.73226742
MIMAT0027405,4.07086175
MIMAT0027390,3.931487411
MIMAT0027389,4.216271473
MIMAT0027374,4.632623108
MIMAT0027373,3.694127144
MIMAT0022965,2.20277516
MIMAT0022948,5.578777599
MIMAT0027678,7.379004859
MIMAT0027677,2.517247148
MIMAT0027662,4.127224555
MIMAT0027661,5.448753661
MIMAT0027646,2.258110675
MIMAT0027645,5.146681892
MIMAT0027630,4.46873033
MIMAT0027629,3.552730227
