MIMAT0004502,1.243644048
MIMAT0004501,0.545143934
MIMAT0002844,4.259247742
MIMAT0002843,2.845654429
MIMAT0002824,6.305581174
MIMAT0002823,4.326138775
MIMAT0002807,5.447196459
MIMAT0002806,4.325076982
MIMAT0001635,4.266644871
MIMAT0001631,9.472521513
MIMAT0005890,-0.54426269
MIMAT0005889,-0.54426269
MIMAT0005873,-0.54426269
MIMAT0005872,4.231310721
MIMAT0004591,-0.54426269
MIMAT0004590,-0.54426269
MIMAT0000232, MIMAT0004563,-0.54426269
MIMAT0004562,-0.54426269
MIMAT0004518,-0.54426269
MIMAT0004517,-0.54426269
MIMAT0016907,11.84743799
MIMAT0016901,7.953704059
MIMAT0014994,3.921643555
MIMAT0016913,-0.54426269
MIMAT0011777,5.023903065
MIMAT0011775,4.720116665
MIMAT0005924,-0.54426269
MIMAT0005923,2.192146277
MIMAT0005906,-0.54426269
MIMAT0005905,6.621741022
MIMAT0018939,-0.54426269
MIMAT0019949,3.598114394
MIMAT0019764,-0.54426269
MIMAT0019200,1.866524778
MIMAT0019837,4.646532891
MIMAT0019204,-0.54426269
MIMAT0019811,-0.54426269
MIMAT0019358,3.37927588
MIMAT0015068,4.730853338
MIMAT0015066,3.574466219
MIMAT0019017,6.905048296
MIMAT0019064,13.00610968
MIMAT0021125,1.47732186
MIMAT0021124,3.828916726
MIMAT0021079,-0.54426269
MIMAT0021046,-0.54426269
MIMAT0019037,4.359428551
MIMAT0019981,3.636891158
MIMAT0019982,4.825761186
MIMAT0019980,4.490736283
MIMAT0019825,4.55502515
MIMAT0019725,6.740185879
MIMAT0026555,-0.54426269
MIMAT0026554,-0.54426269
MIMAT0026472,3.242165871
MIMAT0022700,3.798332233
MIMAT0025846,8.783166304
MIMAT0025845,-0.54426269
MIMAT0022282,1.763417921
MIMAT0022281,-0.54426269
MIMAT0022266,4.082573279
MIMAT0022265,3.475078506
MIMAT0027560,5.061638871
MIMAT0027559,4.538761499
MIMAT0027544,6.817050326
MIMAT0027543,2.895762618
MIMAT0027528,4.363910132
MIMAT0027527,5.509918647
MIMAT0027512,7.289011011
MIMAT0027511,7.260049803
MIMAT0026617,4.226397503
MIMAT0026616,2.677002701
MIMAT0032116,7.29911575
MIMAT0031892,3.463125248
MIMAT0031016,6.246709542
MIMAT0031015,-0.54426269
MIMAT0031000,8.61483974
MIMAT0030999,12.62838557
MIMAT0030984,-0.54426269
MIMAT0030983,-0.54426269
MIMAT0002861,4.319041222
MIMAT0002860, MIMAT0006778,-0.54426269
MIMAT0000264,3.272289404
MIMAT0000263,3.822418667
MIMAT0000231,0.319069226
MIMAT0000228,4.703707534
MIMAT0000093,-0.54426269
MIMAT0000092,8.098810499
MIMAT0000076,1.310875885
MIMAT0000075,-0.54426269
MIMAT0004676,-0.54426269
MIMAT0004675,-0.54426269
MIMAT0004607,-0.54426269
MIMAT0004606,-0.54426269
MIMAT0003233,4.823249039
MIMAT0003232,-0.54426269
MIMAT0003215,-0.54426269
MIMAT0003214,-0.54426269
MIMAT0002878,-0.54426269
MIMAT0002877,5.842056557
MIMAT0007889,5.147057484
MIMAT0007888,6.552366296
MIMAT0006790,4.467155794
MIMAT0006789,-0.54426269
MIMAT0005942,6.159574387
MIMAT0005941,-0.54426269
MIMAT0004762,8.416027941
MIMAT0004761,5.593472077
MIMAT0004694,6.848321392
MIMAT0004693,1.004329294
MIMAT0018072,6.815757773
MIMAT0018071,4.282814223
MIMAT0017996,5.914779431
MIMAT0017995,-0.54426269
MIMAT0017950,-0.54426269
MIMAT0017392,-0.54426269
MIMAT0016921,5.073718214
MIMAT0015054,4.392617131
MIMAT0014999,-0.54426269
MIMAT0016899,0.500932122
MIMAT0018950,6.690166059
MIMAT0019052,8.878278876
MIMAT0019966,-0.54426269
MIMAT0019767,3.457716502
MIMAT0019826,6.132717271
MIMAT0019818,-0.034774591
MIMAT0018954,-0.54426269
MIMAT0018938,-0.54426269
MIMAT0019976,-0.54426269
MIMAT0019961,-0.54426269
MIMAT0019828,1.34910923
MIMAT0019714,4.624373129
MIMAT0022494,-0.54426269
MIMAT0022493,6.098896726
MIMAT0022478,-0.54426269
MIMAT0022476,-0.54426269
MIMAT0022298,-0.54426269
MIMAT0022297,5.135578953
MIMAT0019926,-0.54426269
MIMAT0019878,13.31855662
MIMAT0018986,5.912423476
MIMAT0019962,-0.54426269
MIMAT0027368,3.788088285
MIMAT0027367,2.429757184
MIMAT0027345,-0.54426269
MIMAT0027103,4.10960532
MIMAT0026743,3.454747372
MIMAT0026742,2.151249031
MIMAT0026641,-0.54426269
MIMAT0026640,-0.54426269
MIMAT0022698,6.924599699
MIMAT0022697,-0.54426269
MIMAT0027624,2.735255407
MIMAT0027623,8.226204134
MIMAT0027608,-0.54426269
MIMAT0027607,-0.54426269
MIMAT0027592,5.566059102
MIMAT0027591,5.131419605
MIMAT0027576,5.704419858
MIMAT0027575,9.09349086
MIMAT0004498,5.11162361
MIMAT0004497,-0.54426269
MIMAT0002840,-0.54426269
MIMAT0002839,4.775266554
MIMAT0002820,-0.54426269
MIMAT0002819,4.611627576
MIMAT0002178,0.251392062
MIMAT0002177,7.619697352
MIMAT0001627,4.837488064
MIMAT0001625,4.053362337
MIMAT0005885,0.772239337
MIMAT0005884,-0.54426269
MIMAT0005869,-0.54426269
MIMAT0005868,-0.54426269
MIMAT0004587,-0.54426269
MIMAT0004586,-0.54426269
MIMAT0004559,-0.54426269
MIMAT0004558,-0.54426269
MIMAT0004514,5.875005081
MIMAT0004513,4.652350845
MIMAT0015049,5.641675493
MIMAT0015086,-0.54426269
MIMAT0016920,1.953335626
MIMAT0016908,-0.54426269
MIMAT0016862,-0.54426269
MIMAT0015027,-0.54426269
MIMAT0005920,-0.54426269
MIMAT0005919,-0.54426269
MIMAT0005902,-0.54426269
MIMAT0005901,6.618346109
MIMAT0019021,6.249186572
MIMAT0018995,-0.54426269
MIMAT0019707,6.05377812
MIMAT0019977,-0.54426269
MIMAT0019722,5.776406014
MIMAT0019846,3.654535922
MIMAT0019943,-0.54426269
MIMAT0019026,-0.54426269
MIMAT0015033,-0.54426269
MIMAT0015007,-0.54426269
MIMAT0019008,6.093451515
MIMAT0019053,14.01991045
MIMAT0021121,5.038579746
MIMAT0021120,5.319096609
MIMAT0021043,6.777951436
MIMAT0021042,2.898085696
MIMAT0019361,4.559263694
MIMAT0019813,4.726437609
MIMAT0019971,4.549709608
MIMAT0018990,3.215559464
MIMAT0019781,5.716918598
MIMAT0019940,7.241827823
MIMAT0026484,3.657885824
MIMAT0026483,2.97065173
MIMAT0025858,-0.54426269
MIMAT0025857,-0.54426269
MIMAT0025842,4.669194443
MIMAT0025841,3.571728119
MIMAT0022278,-0.54426269
MIMAT0022277,-0.54426269
MIMAT0022260,6.967856994
MIMAT0022259,13.85529217
MIMAT0027556,5.013602422
MIMAT0027555,4.593611911
MIMAT0027540,7.449099218
MIMAT0027539,5.476162503
MIMAT0027524,6.38753718
MIMAT0027523,3.029677097
MIMAT0027508,3.234235553
MIMAT0027507,5.659367511
MIMAT0026613,-0.54426269
MIMAT0026612,5.598910393
MIMAT0035703,-0.54426269
MIMAT0031181,-0.54426269
MIMAT0031012,-0.54426269
MIMAT0031011,-0.54426269
MIMAT0030996,12.44081941
MIMAT0030995,-0.54426269
MIMAT0030980,-0.54426269
MIMAT0030979,6.261048277
MIMAT0002856,4.059140224
MIMAT0002855,4.115162717
MIMAT0000260,2.327183769
MIMAT0000259,1.606467566
MIMAT0000222,4.626394093
MIMAT0000104,6.285221141
MIMAT0000089,0.815401843
MIMAT0000088,5.842926035
MIMAT0000071,6.715683855
MIMAT0000070,4.679640357
MIMAT0004672,-0.54426269
MIMAT0004671,-0.54426269
MIMAT0004603,-0.54426269
MIMAT0004602,3.86230017
MIMAT0003228,6.25254081
MIMAT0003227,-0.54426269
MIMAT0003164,-0.54426269
MIMAT0003163,-0.54426269
MIMAT0002874,3.99546409
MIMAT0002873,-0.54426269
MIMAT0007885,0.825201002
MIMAT0007884,5.778225152
MIMAT0006764,6.062135194
MIMAT0005956,-0.54426269
MIMAT0005937,-0.54426269
MIMAT0005936,4.253522027
MIMAT0004751,4.713768282
MIMAT0004749,4.343920173
MIMAT0004689,5.342844212
MIMAT0004688,2.522920811
MIMAT0018068,14.12089536
MIMAT0018065,3.928452841
MIMAT0017992,5.460030485
MIMAT0017991,-0.54426269
MIMAT0015025,-0.54426269
MIMAT0015038,-0.54426269
MIMAT0014989,4.514868664
MIMAT0015005,-0.54426269
MIMAT0016872,3.047889929
MIMAT0016860,-0.54426269
MIMAT0019735,6.1890806
MIMAT0019218,9.365812152
MIMAT0018942,2.004961653
MIMAT0019917,-0.54426269
MIMAT0019067,-0.54426269
MIMAT0019804,-0.54426269
MIMAT0019068,4.660948185
MIMAT0019207,5.311436422
MIMAT0018982,5.23281229
MIMAT0019848,7.41504151
MIMAT0019791,8.398443473
MIMAT0019716,5.66357971
MIMAT0022490,1.968117183
MIMAT0022489,1.726204955
MIMAT0022473,2.728897331
MIMAT0022472,-0.54426269
MIMAT0022294,-0.54426269
MIMAT0022293,3.50784406
MIMAT0019835,5.758608235
MIMAT0019047,-0.54426269
MIMAT0019867,5.71914258
MIMAT0019692,4.850124374
MIMAT0027364,5.043126456
MIMAT0027363,5.880683661
MIMAT0027038,9.804734943
MIMAT0027037,-0.54426269
MIMAT0026739,-0.54426269
MIMAT0026738,0.462591836
MIMAT0026637,2.816253996
MIMAT0026636,6.588557854
MIMAT0022694,7.958982932
MIMAT0022693,14.60566299
MIMAT0027620,7.43068147
MIMAT0027619,5.25875803
MIMAT0027604,3.248864834
MIMAT0027603,-0.54426269
MIMAT0027588,0.039915734
MIMAT0027587,-0.54426269
MIMAT0027572,10.40810453
MIMAT0027571,-0.54426269
MIMAT0004494,4.833387741
MIMAT0004493,-0.54426269
MIMAT0002836,-0.54426269
MIMAT0002834,-0.54426269
MIMAT0002816,3.94836829
MIMAT0002815,-0.54426269
MIMAT0002174,6.543629342
MIMAT0002173,5.73115816
MIMAT0001618,5.561636288
MIMAT0001545,4.495595336
MIMAT0005881,-0.54426269
MIMAT0005880,9.791230744
MIMAT0005865,7.120303383
MIMAT0005863,4.186785564
MIMAT0004571,-0.54426269
MIMAT0004570,0.623226912
MIMAT0004555,-0.54426269
MIMAT0004554,3.831208095
MIMAT0004510,2.401016325
MIMAT0004509,-0.54426269
MIMAT0016896,3.035773623
MIMAT0015017,0.942675599
MIMAT0015003,-0.54426269
MIMAT0002830,-0.54426269
MIMAT0015010,7.327105679
MIMAT0016894,0.81332591
MIMAT0005916,-0.54426269
MIMAT0005915,3.531450053
MIMAT0005898,10.22713679
MIMAT0005897,-0.35974752
MIMAT0019843,4.229060379
MIMAT0019225,-0.54426269
MIMAT0018926,4.505512906
MIMAT0018932,-0.54426269
MIMAT0019224,4.130036655
MIMAT0019965,-0.54426269
MIMAT0019819,-0.54426269
MIMAT0019857,-0.54426269
MIMAT0016912,-0.54426269
MIMAT0014984,6.026771119
MIMAT0018985,9.735073202
MIMAT0018967,11.04607663
MIMAT0021117,-0.54426269
MIMAT0021116,-0.54426269
MIMAT0021039,6.817902558
MIMAT0021038,4.58492119
MIMAT0019829,5.530450277
MIMAT0019043,6.466369863
MIMAT0020603,6.300669934
MIMAT0019717,3.267117399
MIMAT0019842,5.652169967
MIMAT0020602,5.765221759
MIMAT0026480,-0.54426269
MIMAT0026479,-0.54426269
MIMAT0025854,8.661222674
MIMAT0025853,6.070785486
MIMAT0025485,4.001457077
MIMAT0025484,-0.54426269
MIMAT0022274,3.142224951
MIMAT0022273,-0.54426269
MIMAT0022256,4.08176782
MIMAT0022255,3.308560666
MIMAT0027552,7.397217073
MIMAT0027551,5.945381152
MIMAT0027536,-0.54426269
MIMAT0027535,-0.54426269
MIMAT0027520,3.8556757
MIMAT0027519,-0.54426269
MIMAT0027504,9.484265031
MIMAT0027503,4.784842065
MIMAT0026609,5.855078218
MIMAT0026608,4.632441253
MIMAT0031178,9.973730771
MIMAT0031177,1.255672158
MIMAT0031008,-0.54426269
MIMAT0031007,-0.54426269
MIMAT0030992,-0.54426269
MIMAT0030991,5.203207826
MIMAT0030429,5.20591381
MIMAT0030428,-0.54426269
MIMAT0002852, MIMAT0002857,5.023023698
MIMAT0002851,4.558939289
MIMAT0000256,5.235463362
MIMAT0000255,4.487062585
MIMAT0000101,6.205740981
MIMAT0000100,6.860697425
MIMAT0000085,3.84929732
MIMAT0000084,4.804554502
MIMAT0000067,4.224868738
MIMAT0000066,3.457716502
MIMAT0004615,4.265746152
MIMAT0004614,5.47655117
MIMAT0004599,-0.54426269
MIMAT0004598,-0.54426269
MIMAT0003223,3.622001642
MIMAT0003222,-0.54426269
MIMAT0002891,4.72266343
MIMAT0002890,3.588414085
MIMAT0002870,2.235166193
MIMAT0002869,3.841152126
MIMAT0007881,11.66029472
MIMAT0007402,-0.078711304
MIMAT0005952,1.95625258
MIMAT0005951,8.974399543
MIMAT0005933,-0.54426269
MIMAT0005932,-0.54426269
MIMAT0004702,-0.54426269
MIMAT0004701,-0.54426269
MIMAT0004685,-0.54426269
MIMAT0004683,2.788746639
MIMAT0018004,3.946751155
MIMAT0018003,7.54408324
MIMAT0017988,-0.54426269
MIMAT0017987,6.150739974
MIMAT0016914,-0.54426269
MIMAT0015058,9.077978379
MIMAT0016917,-0.54426269
MIMAT0014996,8.553000466
MIMAT0015011,1.312482033
MIMAT0015048,3.308191164
MIMAT0019808,7.754472391
MIMAT0019896,8.197466537
MIMAT0019973,4.693434669
MIMAT0019220,-0.54426269
MIMAT0019872,-0.54426269
MIMAT0019951,-0.54426269
MIMAT0019005,-0.54426269
MIMAT0019799,-0.54426269
MIMAT0019918,2.540805838
MIMAT0019784,1.406692762
MIMAT0019745,-0.54426269
MIMAT0019041,9.921636614
MIMAT0022486,1.397254956
MIMAT0022485,3.05691025
MIMAT0022469,-0.54426269
MIMAT0022468,-0.54426269
MIMAT0022290,4.288815875
MIMAT0022289,4.933769602
MIMAT0019360,1.940397502
MIMAT0019948,3.092673345
MIMAT0019761,4.682415185
MIMAT0019873,1.093377694
MIMAT0027360,6.851467091
MIMAT0027359,12.68678837
MIMAT0027027,4.080293582
MIMAT0027026,5.693072626
MIMAT0026735,0.799057005
MIMAT0026734,-0.54426269
MIMAT0026625,2.407174972
MIMAT0026624,-0.54426269
MIMAT0022502,3.401982044
MIMAT0022501,2.905295383
MIMAT0032026,-0.241791553
MIMAT0027616,8.273619651
MIMAT0027615,3.535413658
MIMAT0027600,11.75118695
MIMAT0027599,4.139748372
MIMAT0027584,2.809153061
MIMAT0027583,9.258810282
MIMAT0027568,4.698106398
MIMAT0027567,3.98676281
MIMAT0004490,2.612280357
MIMAT0004489,1.859668956
MIMAT0002828,5.487371693
MIMAT0002827,3.958030673
MIMAT0002811,2.778408923
MIMAT0002810,4.759193872
MIMAT0002170,5.178403194
MIMAT0001639,4.520313893
MIMAT0001532,-0.54426269
MIMAT0001413,-0.54426269
MIMAT0005877,4.735405644
MIMAT0005876,6.015005559
MIMAT0005827,4.816324752
MIMAT0005826,6.741656633
MIMAT0004567,3.213696618
MIMAT0004566,5.324518265
MIMAT0004550,4.837488064
MIMAT0004549,1.790301296
MIMAT0004506,4.329864649
MIMAT0004505,4.178544022
MIMAT0016886,3.035287379
MIMAT0015082,10.28109992
MIMAT0013771,0.89196046
MIMAT0012735,6.919979052
MIMAT0016881,5.420823739
MIMAT0015057,5.364997149
MIMAT0005912,3.298454221
MIMAT0005909,3.16339075
MIMAT0005894,4.557555654
MIMAT0005893,-0.54426269
MIMAT0019748,3.56249558
MIMAT0019968,-0.54426269
MIMAT0019228,3.353409995
MIMAT0019892,6.325653677
MIMAT0018949,7.696309217
MIMAT0019897,3.291236495
MIMAT0018988,-0.54426269
MIMAT0019762,-0.54426269
MIMAT0015083,5.25408559
MIMAT0015019,5.697668327
MIMAT0019836,6.84062279
MIMAT0019073,10.60135216
MIMAT0021084,5.175856638
MIMAT0021083,-0.54426269
MIMAT0021035,1.864426077
MIMAT0021034,3.428605926
MIMAT0019942,1.632125513
MIMAT0019801,3.923793041
MIMAT0019075,7.124023008
MIMAT0019932,6.130445042
MIMAT0018929,8.888286215
MIMAT0019922,6.74777889
MIMAT0026476,-0.54426269
MIMAT0026475,5.882737065
MIMAT0025850,4.196867988
MIMAT0025849,-0.54426269
MIMAT0025481,3.420365591
MIMAT0025480,-0.54426269
MIMAT0022270,2.88229393
MIMAT0022269,-0.54426269
MIMAT0021129,5.4840314
MIMAT0021128,6.821741616
MIMAT0027548,7.719344712
MIMAT0027547,5.124008646
MIMAT0027532,10.14289066
MIMAT0027531,3.643213306
MIMAT0027516,8.037850551
MIMAT0027515,-0.54426269
MIMAT0027500,8.412967113
MIMAT0027499,4.731792278
MIMAT0026605,2.534563157
MIMAT0026559,4.684498869
MIMAT0031120,4.798423782
MIMAT0031119,6.784196423
MIMAT0031004,-0.54426269
MIMAT0031003,-0.54426269
MIMAT0030988,-0.54426269
MIMAT0030987,6.555389409
MIMAT0030425,-0.54426269
MIMAT0030424,4.275688232
MIMAT0002848,5.241102544
MIMAT0002847,5.046672661
MIMAT0000251,5.545817858
MIMAT0000245,6.197054019
MIMAT0000097,5.53244935
MIMAT0000096,4.128611515
MIMAT0000080,8.08287096
MIMAT0000079,6.027979515
MIMAT0000063,6.227960222
MIMAT0000062,5.415931936
MIMAT0004611,6.187972382
MIMAT0004610,7.28719363
MIMAT0004595,7.315378097
MIMAT0004594,-0.54426269
MIMAT0003219,2.572799789
MIMAT0003218,7.446922082
MIMAT0002882,2.079015412
MIMAT0002881,-0.54426269
MIMAT0002866,4.019801113
MIMAT0002864,5.377892453
MIMAT0007399,5.030675151
MIMAT0007349,6.577407527
MIMAT0005948,3.883638763
MIMAT0005945,4.490558498
MIMAT0005929,7.551357103
MIMAT0005928,0.837161899
MIMAT0004698,3.751636988
MIMAT0004697,5.077919333
MIMAT0004680,4.556821096
MIMAT0004679,7.472436779
MIMAT0018000,5.021600854
MIMAT0017999,4.491845189
MIMAT0017984,4.835136299
MIMAT0017983,3.717455784
MIMAT0014981,-0.54426269
MIMAT0016858,4.731367019
MIMAT0016850,1.630835507
MIMAT0016893,4.01826275
MIMAT0015060,4.455211758
MIMAT0007892,11.35478441
MIMAT0019925,8.085700591
MIMAT0019810,10.04904528
MIMAT0019199,5.085805047
MIMAT0019744,3.929850447
MIMAT0019832,3.680527378
MIMAT0019805,1.229811674
MIMAT0019070,5.153753069
MIMAT0019894,5.362671066
MIMAT0019232,4.818223856
MIMAT0019223,6.356127467
MIMAT0019236,6.234066216
MIMAT0019862,7.936036346
MIMAT0022482,3.018351581
MIMAT0022481,3.268912571
MIMAT0022302,1.378188274
MIMAT0022301,3.086813064
MIMAT0022286,5.502102094
MIMAT0022285,4.116371343
MIMAT0019785,0.578936657
MIMAT0019954,5.305864251
MIMAT0019796,5.391996801
MIMAT0019864,4.006369907
MIMAT0027356,5.759320724
MIMAT0027355,13.00668673
MIMAT0026916,7.782860046
MIMAT0026765,-0.54426269
MIMAT0026720,5.091220518
MIMAT0026719,-0.54426269
MIMAT0026621,4.635294738
MIMAT0026620,5.173674286
MIMAT0022498,3.065438501
MIMAT0022497,4.927477058
MIMAT0033692,3.57800789
MIMAT0035704,2.063026192
MIMAT0027612,2.654623516
MIMAT0027611,4.377638928
MIMAT0027596,7.126979051
MIMAT0027595,2.533528053
MIMAT0027580,6.403407733
MIMAT0027579,2.199259818
MIMAT0027564,-0.54426269
MIMAT0027563,5.249152951
MIMAT0003314,4.224138949
MIMAT0003313,3.953207571
MIMAT0001341,-0.54426269
MIMAT0001340,5.349312245
MIMAT0000758,4.993550996
MIMAT0000757,4.05892121
MIMAT0000729,4.44739724
MIMAT0000728,5.338724242
MIMAT0000707,4.555350436
MIMAT0000705,3.839155109
MIMAT0004985,-0.54426269
MIMAT0004984,6.277447206
MIMAT0004959,-0.54426269
MIMAT0004958,3.370394152
MIMAT0004486,4.145191077
MIMAT0004485,3.94026636
MIMAT0003881,5.482529514
MIMAT0003880,6.923463121
MIMAT0003330,6.353177
MIMAT0003329,-0.54426269
MIMAT0016852,6.800182762
MIMAT0009201,4.995543637
MIMAT0010313,13.29700359
MIMAT0010251,3.512893381
MIMAT0016888,3.695417554
MIMAT0000270,-0.54426269
MIMAT0005823,-0.54426269
MIMAT0005800,-0.54426269
MIMAT0005589,5.440096864
MIMAT0005588,4.74165973
MIMAT0019883,6.393851754
MIMAT0019750,2.92640627
MIMAT0019861,-0.54426269
MIMAT0019359,0.391095217
MIMAT0018935,-0.54426269
MIMAT0000724,-0.54426269
MIMAT0018351,3.558266534
MIMAT0018350,3.227078343
MIMAT0016909,5.709672607
MIMAT0000735,-0.54426269
MIMAT0019726,-0.54426269
MIMAT0019357,-0.54426269
MIMAT0019039,-0.54426269
MIMAT0016918,-0.54426269
MIMAT0019733,-0.54426269
MIMAT0019865,-0.54426269
MIMAT0020601,5.525209312
MIMAT0019020,7.747066363
MIMAT0018952,-0.54426269
MIMAT0019780,3.489690157
MIMAT0019803,-0.54426269
MIMAT0019703,-0.54426269
MIMAT0025461,0.893931672
MIMAT0025460,-0.54426269
MIMAT0024615,13.22699771
MIMAT0024614,-0.54426269
MIMAT0023708,4.51813818
MIMAT0023707,3.298860404
MIMAT0021029,-0.54426269
MIMAT0021028,4.091360251
MIMAT0020956,5.603453169
MIMAT0020925,3.621083714
MIMAT0027496,9.981312298
MIMAT0027495,4.783937035
MIMAT0027480,4.18499504
MIMAT0027479,3.675563705
MIMAT0027464,6.297425874
MIMAT0027463,-0.54426269
MIMAT0027448,6.810072083
MIMAT0027447,-0.54426269
MIMAT0025477,-0.54426269
MIMAT0025476,6.708562093
MIMAT0030421,6.3111502
MIMAT0030420,6.273187575
MIMAT0029782,8.132682921
MIMAT0029310,-0.54426269
MIMAT0028221,-0.54426269
MIMAT0028220,5.204561452
MIMAT0028121,4.125756438
MIMAT0028120,4.519647247
MIMAT0003249,4.218986599
MIMAT0003248,5.591562623
MIMAT0000617,4.508467716
MIMAT0000510,7.380357946
MIMAT0000447,4.016496584
MIMAT0000446,-0.54426269
MIMAT0000430,4.251602682
MIMAT0000429,4.441669164
MIMAT0000414,4.280436692
MIMAT0000318,-0.54426269
MIMAT0004805,-0.54426269
MIMAT0004804,6.92363573
MIMAT0004780,5.801985173
MIMAT0004779,2.979197019
MIMAT0003298,3.468333246
MIMAT0003297,-0.54426269
MIMAT0003282,10.24631288
MIMAT0003281,4.326321253
MIMAT0003266,3.289467892
MIMAT0003265,4.016249601
MIMAT0016875,5.999815304
MIMAT0016906,6.14196405
MIMAT0015077,-0.54426269
MIMAT0000243,3.018351581
MIMAT0016890,4.862387749
MIMAT0015008,-0.54426269
MIMAT0004928,-0.54426269
MIMAT0004927,-0.54426269
MIMAT0004910,-0.54426269
MIMAT0004909,4.092842362
MIMAT0018193,-0.001761941
MIMAT0018192,6.243245196
MIMAT0018164,-0.54426269
MIMAT0018122,-0.54426269
MIMAT0018107,4.305109882
MIMAT0018106,-0.54426269
MIMAT0018088,-0.54426269
MIMAT0018087,14.09705813
MIMAT0016855,3.867687184
MIMAT0015029,3.774128996
MIMAT0019759,3.915793415
MIMAT0018930,4.792411494
MIMAT0019723,7.710885989
MIMAT0018953,-0.54426269
MIMAT0019768,3.024004776
MIMAT0019704,-0.54426269
MIMAT0019715,11.08711328
MIMAT0019871,9.313814215
MIMAT0019860,2.396286536
MIMAT0019880,1.352107984
MIMAT0019850,6.609782991
MIMAT0019902,4.830620122
MIMAT0022942,7.961194775
MIMAT0022941,9.732974715
MIMAT0022839,3.270705511
MIMAT0022838,6.463304821
MIMAT0022722, MIMAT0022733, MIMAT0022739,-0.54426269
MIMAT0022721,7.048646334
MIMAT0019753,3.867436408
MIMAT0019234,-0.54426269
MIMAT0019231,4.698913389
MIMAT0019010,2.908089596
MIMAT0027432,6.864358788
MIMAT0027431,8.966827724
MIMAT0027416,-0.54426269
MIMAT0027415,2.942719992
MIMAT0027400,6.173364043
MIMAT0027399,5.954972593
MIMAT0027384,4.640851199
MIMAT0027383,7.865834761
MIMAT0023252,13.78392812
MIMAT0023116,6.794782786
MIMAT0027688,4.69728599
MIMAT0027687,3.516937611
MIMAT0027672,4.807847317
MIMAT0027671,3.257098281
MIMAT0027656,-0.54426269
MIMAT0027655,5.039338377
MIMAT0027640,6.8291377
MIMAT0027639,-0.54426269
MIMAT0003310,-0.54426269
MIMAT0003309,4.33252509
MIMAT0001075,0.527949465
MIMAT0000773,5.533067163
MIMAT0000754,-0.54426269
MIMAT0000753,5.741632828
MIMAT0000725,6.975761073
MIMAT0000723,5.178403194
MIMAT0000692,-0.54426269
MIMAT0000691,4.520734592
MIMAT0004981,-0.54426269
MIMAT0004980,-0.54426269
MIMAT0004955,1.252465873
MIMAT0004954,3.301392446
MIMAT0004481,-0.54426269
MIMAT0004450,-0.54426269
MIMAT0003389,2.27460525
MIMAT0003386,1.15067766
MIMAT0003326,12.29056457
MIMAT0003325,3.174485247
MIMAT0016859,1.527446787
MIMAT0009197,2.48534126
MIMAT0009451,5.558096984
MIMAT0009203,5.383417035
MIMAT0000081,4.594094108
MIMAT0000073,-0.54426269
MIMAT0005797,2.66980848
MIMAT0005796,-0.54426269
MIMAT0005583,7.061392423
MIMAT0005582,10.3488827
MIMAT0019822,3.814119154
MIMAT0019693,2.738997572
MIMAT0019736,-0.54426269
MIMAT0018447, MIMAT0022730,1.570076014
MIMAT0018444,9.93525012
MIMAT0018443,3.830927956
MIMAT0018205,6.493485157
MIMAT0018204,-0.54426269
MIMAT0011162,2.271026836
MIMAT0011161,5.306587104
MIMAT0019740,6.52248649
MIMAT0018962,6.392617189
MIMAT0019760,3.481107685
MIMAT0019001,3.266702178
MIMAT0018974,-0.54426269
MIMAT0019812,4.161155437
MIMAT0019065,5.29705093
MIMAT0019082,5.308820883
MIMAT0019884,-0.54426269
MIMAT0019909,3.550083605
MIMAT0019048,-0.54426269
MIMAT0019746,4.001705988
MIMAT0025457,-0.54426269
MIMAT0025456,-0.54426269
MIMAT0024611,-0.54426269
MIMAT0024610,5.122577252
MIMAT0023704,-0.54426269
MIMAT0023703,1.457959152
MIMAT0021025,1.831909594
MIMAT0021024,-0.54426269
MIMAT0015073,-0.54426269
MIMAT0009199,7.336042492
MIMAT0027492,-0.54426269
MIMAT0027491,5.503752309
MIMAT0027476,0.215459882
MIMAT0027475,5.412507813
MIMAT0027460,3.977544698
MIMAT0027459,4.202099796
MIMAT0027444,-0.54426269
MIMAT0027443,2.859469266
MIMAT0025473,-0.54426269
MIMAT0025472,3.450554598
MIMAT0030417,-0.54426269
MIMAT0030416,-0.54426269
MIMAT0028233,-0.54426269
MIMAT0028232,-0.54426269
MIMAT0028217,-0.54426269
MIMAT0028216,1.899260421
MIMAT0028117,6.272589581
MIMAT0028116,5.626365154
MIMAT0003245,4.879889319
MIMAT0003244,3.305671037
MIMAT0000460,4.896544866
MIMAT0000459,4.656154757
MIMAT0000443,4.054863744
MIMAT0000442,3.484023995
MIMAT0000426,4.839092722
MIMAT0000425,6.074807581
MIMAT0000279,5.654799767
MIMAT0000278,5.998858784
MIMAT0004801,3.372065378
MIMAT0004800,7.052106553
MIMAT0004776,4.364103749
MIMAT0004775,-0.54426269
MIMAT0003294,2.068112222
MIMAT0003293,4.580354328
MIMAT0003278,4.286261644
MIMAT0003277,-0.54426269
MIMAT0003261,4.312092368
MIMAT0003260,5.499435817
MIMAT0016869,5.536417889
MIMAT0015085,-0.54426269
MIMAT0015041,10.07387647
MIMAT0014990,-0.54426269
MIMAT0015046,3.000217132
MIMAT0015016,-0.54426269
MIMAT0004924,5.31321937
MIMAT0004923,-0.54426269
MIMAT0004902,-0.54426269
MIMAT0004901,3.916058207
MIMAT0018189,5.005434971
MIMAT0018188,3.726052075
MIMAT0018119,3.160566679
MIMAT0018118,4.544702106
MIMAT0018103,3.881699738
MIMAT0018102,4.010544391
MIMAT0018084,4.067178547
MIMAT0018083,-0.54426269
MIMAT0016902,1.518765604
MIMAT0015018,4.455211758
MIMAT0019700,6.139187236
MIMAT0018956,-0.54426269
MIMAT0019821,5.027731533
MIMAT0019849,7.793055813
MIMAT0019985,4.360643557
MIMAT0019853,6.27576542
MIMAT0019919,5.865224395
MIMAT0019011,5.098413037
MIMAT0019071,14.86450713
MIMAT0019771,5.966161678
MIMAT0019221,3.134595157
MIMAT0018965,7.965410056
MIMAT0022938,8.525629647
MIMAT0022929,-0.54426269
MIMAT0022741,2.688658189
MIMAT0022737,-0.54426269
MIMAT0022717,4.761047052
MIMAT0022714,-0.54426269
MIMAT0019958,5.425296628
MIMAT0020600,4.288815875
MIMAT0018958,5.396560056
MIMAT0019792,4.502977506
MIMAT0027428,-0.54426269
MIMAT0027427,5.23979169
MIMAT0027412,8.838459945
MIMAT0027411,-0.54426269
MIMAT0027396,6.235572142
MIMAT0027395,4.796630129
MIMAT0027380,2.416550168
MIMAT0027379,-0.54426269
MIMAT0022978,4.252911415
MIMAT0022977,8.669652578
MIMAT0027684,5.813090227
MIMAT0027683,4.462622123
MIMAT0027668,-0.54426269
MIMAT0027667,-0.54426269
MIMAT0027652,3.898278454
MIMAT0027651,5.305670912
MIMAT0027636,3.574130678
MIMAT0027635,2.607540126
MIMAT0003306,5.643246859
MIMAT0003305,-0.54426269
MIMAT0000770,5.041491122
MIMAT0000765,5.424220371
MIMAT0000750,4.84505304
MIMAT0000738,-0.54426269
MIMAT0000720,3.693490301
MIMAT0000719,3.47214493
MIMAT0000687,3.540053769
MIMAT0000685,4.804554502
MIMAT0004977,4.819720463
MIMAT0004976,-0.54426269
MIMAT0004951,7.149854142
MIMAT0004950,4.320473432
MIMAT0003945,3.648580463
MIMAT0003888,5.977539281
MIMAT0003339,-0.54426269
MIMAT0003338,3.286131075
MIMAT0003322,3.686041404
MIMAT0003321,2.47640396
MIMAT0016910,5.477671251
MIMAT0000686,-0.54426269
MIMAT0009448,4.055924685
MIMAT0009198,-0.54426269
MIMAT0016854,4.663601472
MIMAT0016866,-0.54426269
MIMAT0005793,6.239437995
MIMAT0005792,6.877936708
MIMAT0005576,5.233369403
MIMAT0005573,6.929631308
MIMAT0019729,3.029677097
MIMAT0019766,-0.54426269
MIMAT0019202,-0.54426269
MIMAT0019877,1.15067766
MIMAT0018359,3.980708342
MIMAT0018358,-0.54426269
MIMAT0018201,3.568478722
MIMAT0018200,5.857397725
MIMAT0011158,3.421979953
MIMAT0011157,4.972433131
MIMAT0019209,5.997474611
MIMAT0018992,5.399604382
MIMAT0019798,5.4840314
MIMAT0018961,6.585565408
MIMAT0016922,3.243993384
MIMAT0015036,8.02990368
MIMAT0019058,3.145911329
MIMAT0019956,13.8991286
MIMAT0019031,5.66819177
MIMAT0018975,-0.54426269
MIMAT0019911,-0.54426269
MIMAT0019738,5.216069649
MIMAT0025453,3.540053769
MIMAT0025452,-0.54426269
MIMAT0024597,7.496309377
MIMAT0023715,13.75956908
MIMAT0023700,9.060238992
MIMAT0023699,2.685404441
MIMAT0021021,9.071856672
MIMAT0021020,-0.54426269
MIMAT0015022,3.631479457
MIMAT0020300,1.135919866
MIMAT0027488,8.993363637
MIMAT0027487,5.06737374
MIMAT0027472,12.25870507
MIMAT0027471,5.901225415
MIMAT0027456,6.979279155
MIMAT0027455,5.934029093
MIMAT0027440,-0.54426269
MIMAT0027439,4.648377513
MIMAT0025469,2.888550437
MIMAT0025468,2.927411874
MIMAT0030413,5.759001426
MIMAT0030412,-0.54426269
MIMAT0028229,-0.54426269
MIMAT0028228,-0.54426269
MIMAT0028213,5.157364405
MIMAT0028212,-0.54426269
MIMAT0028113,9.497422475
MIMAT0028112,4.728321003
MIMAT0003241,4.450823111
MIMAT0003240,5.871305269
MIMAT0000456,5.311771468
MIMAT0000455,4.88106384
MIMAT0000439,4.925957066
MIMAT0000438,2.055203889
MIMAT0000422,6.426888984
MIMAT0000421,5.117776851
MIMAT0000273,4.785469258
MIMAT0000272,-0.54426269
MIMAT0004797,3.262306265
MIMAT0004796,-0.54426269
MIMAT0004772,3.779031351
MIMAT0004770,4.468102839
MIMAT0003290,4.124536368
MIMAT0003289,3.920237972
MIMAT0003274,2.061194901
MIMAT0003273,3.925172374
MIMAT0003257,3.264108459
MIMAT0003256,3.303921054
MIMAT0015009,4.967657702
MIMAT0015088,3.698674729
MIMAT0014979,-0.54426269
MIMAT0015002,-0.54426269
MIMAT0014995,5.359912002
MIMAT0016883,4.888662153
MIMAT0004920,4.608017893
MIMAT0004919,2.991335566
MIMAT0004813,-0.54426269
MIMAT0004812,3.837666774
MIMAT0018185,5.494161749
MIMAT0018184,0.592896513
MIMAT0018115,3.845832302
MIMAT0018114,-0.54426269
MIMAT0018098,1.690378111
MIMAT0018097,-0.54426269
MIMAT0018080,4.151587236
MIMAT0018079,5.90372762
MIMAT0015089,5.077298823
MIMAT0015040,1.873348175
MIMAT0019854,6.356038217
MIMAT0019002,5.452728071
MIMAT0018994,10.52694041
MIMAT0019874,5.605346758
MIMAT0019217,3.50295329
MIMAT0019904,5.895208275
MIMAT0019198,3.825941006
MIMAT0018978,4.612647379
MIMAT0018981,9.123721383
MIMAT0019921,-0.54426269
MIMAT0019899,6.003474999
MIMAT0013517,3.329919992
MIMAT0022924,4.671153628
MIMAT0022923,4.217449956
MIMAT0020924,7.65945141
MIMAT0022732,4.77485392
MIMAT0022711,-0.54426269
MIMAT0022710,1.018512136
MIMAT0019915,1.629653052
MIMAT0018940,-0.54426269
MIMAT0019066,-0.54426269
MIMAT0018973,-0.54426269
MIMAT0027424,8.318137789
MIMAT0027423,4.427379953
MIMAT0027408,5.268653523
MIMAT0027407,2.336367007
MIMAT0027392,8.284957821
MIMAT0027391,4.362892135
MIMAT0027376,3.167024608
MIMAT0027375,7.352639141
MIMAT0022967,7.564406578
MIMAT0022966,-0.54426269
MIMAT0027680,5.558463985
MIMAT0027679,1.784230577
MIMAT0027664,3.32282376
MIMAT0027663,3.247428981
MIMAT0027648,-0.54426269
MIMAT0027647,-0.54426269
MIMAT0027632,-0.54426269
MIMAT0027631,5.631023671
MIMAT0003302,0.530479066
MIMAT0003301,5.002677905
MIMAT0000762,6.109441336
MIMAT0000761,4.500011419
MIMAT0000734,2.48534126
MIMAT0000733,2.284879553
MIMAT0000716,5.959950338
MIMAT0000715,3.566065889
MIMAT0000682,3.003330883
MIMAT0000681,4.978416914
MIMAT0004972,-0.54426269
MIMAT0004971,-0.54426269
MIMAT0004947,3.955932271
MIMAT0004946,1.686249308
MIMAT0003885,2.392997888
MIMAT0003884,2.734106477
MIMAT0003335,4.804554502
MIMAT0003333,-0.54426269
MIMAT0003318,4.346554357
MIMAT0003317,4.42969682
MIMAT0010497,-0.54426269
MIMAT0010367,5.067601799
MIMAT0015080,12.29676617
MIMAT0000432,-0.54426269
MIMAT0016919,1.948863264
MIMAT0016879,10.46022028
MIMAT0005788,-0.54426269
MIMAT0005593,5.522122223
MIMAT0005458,6.289866434
MIMAT0002831, MIMAT0005449, MIMAT0005450, MIMAT0005451, MIMAT0005452, MIMAT0005454,5.929375773
MIMAT0019898,-0.54426269
MIMAT0019907,-0.54426269
MIMAT0019013,-0.54426269
MIMAT0019018,11.29123688
MIMAT0018355,-0.54426269
MIMAT0018354,1.577228556
MIMAT0018197,-0.54426269
MIMAT0018196,-0.54426269
MIMAT0015045,-0.54426269
MIMAT0015023,5.145047235
MIMAT0019222,1.728514506
MIMAT0019817,5.109457313
MIMAT0016856,4.946273266
MIMAT0015087,5.615090293
MIMAT0019891,-0.54426269
MIMAT0019820,3.963712355
MIMAT0018960,9.288886045
MIMAT0019856,4.83251232
MIMAT0019779,7.654715596
MIMAT0018987,10.67196725
MIMAT0019756,10.998813
MIMAT0019852,8.653831188
MIMAT0024782,6.145680018
MIMAT0024618,-0.54426269
MIMAT0023712,11.98234149
MIMAT0023711,6.424366265
MIMAT0023696,-0.54426269
MIMAT0023695,3.678580117
MIMAT0021017,-0.54426269
MIMAT0020959,-0.54426269
MIMAT0019895,2.699655399
MIMAT0019230,-0.54426269
MIMAT0027484,6.726129779
MIMAT0027483,2.162436932
MIMAT0027468,11.4569851
MIMAT0027467,5.250368265
MIMAT0027452,4.970843077
MIMAT0027451,5.085805047
MIMAT0027436,9.356901658
MIMAT0027435,-0.54426269
MIMAT0025465,-0.54426269
MIMAT0025464,-0.54426269
MIMAT0030020,-0.54426269
MIMAT0030019,14.15057381
MIMAT0028225,-0.54426269
MIMAT0028224,-0.54426269
MIMAT0028125,7.328037487
MIMAT0028124,6.931142004
MIMAT0028109,6.035518833
MIMAT0027691,3.014322719
MIMAT0003237,4.33252509
MIMAT0003236,5.09538089
MIMAT0000451,4.504238352
MIMAT0000450,4.34060797
MIMAT0000435,3.477320528
MIMAT0000434,4.699207801
MIMAT0000418,8.0986564
MIMAT0000417,6.459556913
MIMAT0000268,5.387506751
MIMAT0000267,5.931295581
MIMAT0004793,3.407948317
MIMAT0004792,9.349741487
MIMAT0004766,0.200488283
MIMAT0004765,-0.54426269
MIMAT0003286,4.001705988
MIMAT0003285,-0.54426269
MIMAT0003270,6.652654865
MIMAT0003269,2.638689365
MIMAT0003253,-0.54426269
MIMAT0003252,4.339376453
MIMAT0014987,3.223592822
MIMAT0016877,-0.54426269
MIMAT0015014,4.161155437
MIMAT0016882,6.211708364
MIMAT0015056,-0.54426269
MIMAT0015065,8.547696031
MIMAT0004916,2.612225346
MIMAT0004913,4.025714707
MIMAT0004809,-0.54426269
MIMAT0004808,6.516522665
MIMAT0018181, MIMAT0019007,4.204807857
MIMAT0018179,4.836010131
MIMAT0018111,-0.54426269
MIMAT0018110,4.952925075
MIMAT0018093,4.987944068
MIMAT0018091,-0.54426269
MIMAT0018076,11.72322605
MIMAT0018075,5.523583473
MIMAT0016885,-0.387316025
MIMAT0016844,4.373392709
MIMAT0019226,4.844185014
MIMAT0019206,5.558379381
MIMAT0018997,5.370949012
MIMAT0019914,-0.54426269
MIMAT0019728,1.705751425
MIMAT0019790,3.793495136
MIMAT0019696,5.890909907
MIMAT0019235,4.993310923
MIMAT0019029,4.506610952
MIMAT0019858,3.470584875
MIMAT0019003,7.744697231
MIMAT0019774,6.665493366
MIMAT0022844,4.816454316
MIMAT0022842,3.647970541
MIMAT0022727,4.121673207
MIMAT0022726,5.369742896
MIMAT0022706,-0.54426269
MIMAT0022705,-0.54426269
MIMAT0019215,5.289417173
MIMAT0019078,3.388102319
MIMAT0019023,6.464002044
MIMAT0018971,5.712314093
MIMAT0027420,6.898450495
MIMAT0027419,5.600529009
MIMAT0027404,10.88615909
MIMAT0027403,-0.54426269
MIMAT0027388,5.968155347
MIMAT0027387,10.31403936
MIMAT0027372,4.479761939
MIMAT0027371,6.292537735
MIMAT0022947,7.943011025
MIMAT0022946,12.63433956
MIMAT0027676,-0.54426269
MIMAT0027675,5.953084056
MIMAT0027660,7.708510704
MIMAT0027659,5.528830337
MIMAT0027644,5.513367042
MIMAT0027643,4.891903648
MIMAT0027628,-0.54426269
MIMAT0027627,-0.54426269
MIMAT0004504,4.150388826
MIMAT0004503,0.611955925
MIMAT0002846,4.302398856
MIMAT0002845, MIMAT0005455, MIMAT0005456,4.863107908
MIMAT0002826,5.746002362
MIMAT0002825,3.208704751
MIMAT0002809,4.825889905
MIMAT0002808,4.547734326
MIMAT0001638,3.64459751
MIMAT0001636,3.720966024
MIMAT0005892,3.09314179
MIMAT0005891,2.69195514
MIMAT0005875,-0.54426269
MIMAT0005874,-0.54426269
MIMAT0004593,-0.54426269
MIMAT0004592,1.663959571
MIMAT0004565,-0.54426269
MIMAT0004564,2.908620649
MIMAT0004548,-0.54426269
MIMAT0004543,5.050842736
MIMAT0015024,6.056869012
MIMAT0016867,2.364927651
MIMAT0015062,-0.54426269
MIMAT0016851,5.546807361
MIMAT0012734,8.004251173
MIMAT0011778,3.266322826
MIMAT0005926,4.308320251
MIMAT0005925,4.525233479
MIMAT0005908,4.022403013
MIMAT0005907,4.659803863
MIMAT0018963,-0.54426269
MIMAT0019747,0.525174832
MIMAT0019028,-0.54426269
MIMAT0019794,-0.54426269
MIMAT0019046,-0.54426269
MIMAT0018934,4.499246961
MIMAT0019830,-0.54426269
MIMAT0019908,-0.54426269
MIMAT0016900,7.73544081
MIMAT0015378,4.562265076
MIMAT0018993,12.91762599
MIMAT0019815,11.3969401
MIMAT0021127,7.177367087
MIMAT0021126,-0.54426269
MIMAT0021082,6.659599991
MIMAT0021081,3.153481666
MIMAT0019227,-0.54426269
MIMAT0019793,6.290406121
MIMAT0019840,3.216382485
MIMAT0019694,-0.54426269
MIMAT0019363,4.866532408
MIMAT0019362,6.237226401
MIMAT0026558,-0.54426269
MIMAT0026557,-0.54426269
MIMAT0026474,5.747005921
MIMAT0026473,-0.54426269
MIMAT0025848,5.053739622
MIMAT0025847,6.991897826
MIMAT0022284,3.454747372
MIMAT0022283,3.256715359
MIMAT0022268,-0.54426269
MIMAT0022267,3.290455098
MIMAT0027562,-0.54426269
MIMAT0027561,4.548800291
MIMAT0027546,-0.009439091
MIMAT0027545,-0.54426269
MIMAT0027530,5.892041676
MIMAT0027529,3.92871532
MIMAT0027514,6.070899251
MIMAT0027513,-0.54426269
MIMAT0026619,-0.54426269
MIMAT0026618,4.558205015
MIMAT0031890,-0.54426269
MIMAT0032029,7.204196027
MIMAT0031095,11.76406088
MIMAT0031074,2.29352215
MIMAT0031002,4.153195617
MIMAT0031001,-0.54426269
MIMAT0030986,10.01544193
MIMAT0030985,4.124536368
MIMAT0002863,3.005983567
MIMAT0002862, MIMAT0005457,5.372668069
MIMAT0000266,3.336585901
MIMAT0000265,-0.54426269
MIMAT0000244,-0.54426269
MIMAT0000242,-0.54426269
MIMAT0000095,-0.54426269
MIMAT0000094,-0.54426269
MIMAT0000078,7.926109752
MIMAT0000077,7.420800442
MIMAT0004678,4.222394217
MIMAT0004677,-0.54426269
MIMAT0004609,9.511161764
MIMAT0004608,-0.54426269
MIMAT0003235,-0.54426269
MIMAT0003234,-0.54426269
MIMAT0003217,-0.54426269
MIMAT0003216,1.893632168
MIMAT0002880,-0.54426269
MIMAT0002879,2.177366985
MIMAT0007891,5.23393524
MIMAT0007890,7.716811029
MIMAT0007348,5.9896131
MIMAT0007347,11.87547403
MIMAT0005944,-0.54426269
MIMAT0005943,3.568170978
MIMAT0004764,-0.54426269
MIMAT0004763,2.702316413
MIMAT0004696,5.748646118
MIMAT0004695,3.404685241
MIMAT0018074,5.362153782
MIMAT0018073,-0.54426269
MIMAT0017998,-0.54426269
MIMAT0017997,4.71442714
MIMAT0017982,-0.54426269
MIMAT0017981,3.810828654
MIMAT0014978,-0.54426269
MIMAT0015001,-0.54426269
MIMAT0015053,5.10740399
MIMAT0016847,3.915793415
MIMAT0019913,9.045343921
MIMAT0019690,6.11590603
MIMAT0019967,-0.54426269
MIMAT0019923,3.32571282
MIMAT0019213,4.526489628
MIMAT0019201,-0.54426269
MIMAT0019787,-0.54426269
MIMAT0019076,-0.54426269
MIMAT0019863,-0.54426269
MIMAT0019847,-0.54426269
MIMAT0019978,6.01203482
MIMAT0019786,4.213618502
MIMAT0022496,4.217646712
MIMAT0022495,-0.54426269
MIMAT0022480,-0.54426269
MIMAT0022479,-0.54426269
MIMAT0022300,-0.54426269
MIMAT0022299,-0.54426269
MIMAT0019945,-0.54426269
MIMAT0019789,5.918495994
MIMAT0019063,-0.54426269
MIMAT0019060,3.424305962
MIMAT0027370,4.546994326
MIMAT0027369,1.416072936
MIMAT0027354,4.686295611
MIMAT0027353,10.39486347
MIMAT0026749,-0.54426269
MIMAT0026744,4.579311432
MIMAT0026718,5.712314093
MIMAT0026717,-0.54426269
MIMAT0022702,-0.54426269
MIMAT0022701,-0.54426269
MIMAT0027626,5.612271357
MIMAT0027625,5.427037022
MIMAT0027610,-0.54426269
MIMAT0027609,3.187795355
MIMAT0027594,0.190327717
MIMAT0027593,3.10389727
MIMAT0027578,5.012943199
MIMAT0027577,4.717274707
MIMAT0004500,3.183153005
MIMAT0004499,-0.54426269
MIMAT0002842,-0.54426269
MIMAT0002841,-0.54426269
MIMAT0002822,-0.54426269
MIMAT0002821,-0.54426269
MIMAT0002805,3.795005487
MIMAT0002804,1.520042485
MIMAT0001630,1.495126662
MIMAT0001629,3.733572947
MIMAT0005887,-0.54426269
MIMAT0005886,1.240410889
MIMAT0005871,6.797407567
MIMAT0005870,-0.54426269
MIMAT0004589,3.946751155
MIMAT0004588,-0.54426269
MIMAT0004561,9.368506669
MIMAT0004560,1.205788496
MIMAT0004516,-0.54426269
MIMAT0004515,-0.54426269
MIMAT0015055,11.89551001
MIMAT0016871,-0.54426269
MIMAT0016884,-0.54426269
MIMAT0015063,-0.54426269
MIMAT0011163,5.387689429
MIMAT0016897,4.293521897
MIMAT0005922,10.19675141
MIMAT0005921,3.407038346
MIMAT0005904,3.236883489
MIMAT0005903,-0.54426269
MIMAT0018980,2.072230283
MIMAT0019888,5.008300517
MIMAT0019743,6.848139532
MIMAT0018937,-0.54426269
MIMAT0019752,-0.54426269
MIMAT0019939,-0.54426269
MIMAT0019795,3.986531903
MIMAT0019936,-0.54426269
MIMAT0015037,-0.54426269
MIMAT0015051,-0.54426269
MIMAT0019757,7.955978948
MIMAT0019027,11.32446871
MIMAT0021123,2.554629278
MIMAT0021122,-0.54426269
MIMAT0021045,2.378680105
MIMAT0021044,-0.54426269
MIMAT0019773,-0.54426269
MIMAT0013516,-0.54426269
MIMAT0019019,5.7357717
MIMAT0019983,5.459765929
MIMAT0019903,9.344722289
MIMAT0018957,5.212351406
MIMAT0026486,10.85926452
MIMAT0026485,2.3697612
MIMAT0021080,3.318229864
MIMAT0000732,-0.54426269
MIMAT0025844,5.950386604
MIMAT0025843,-0.54426269
MIMAT0022280,-0.54426269
MIMAT0022279,2.271026836
MIMAT0022264,-0.54426269
MIMAT0022263,2.972857386
MIMAT0027558,6.317085863
MIMAT0027557,-0.54426269
MIMAT0027542,8.879351395
MIMAT0027541,3.802462003
MIMAT0027526,4.55999701
MIMAT0027525,3.600802917
MIMAT0027510,10.58722393
MIMAT0027509,5.29910529
MIMAT0026615,-0.54426269
MIMAT0026614,-0.54426269
MIMAT0035542,-0.54426269
MIMAT0032114, MIMAT0032115,-0.54426269
MIMAT0031014,-0.54426269
MIMAT0031013,-0.54426269
MIMAT0030998,5.25242863
MIMAT0030997,-0.54426269
MIMAT0030982,-0.54426269
MIMAT0030981,-0.54426269
MIMAT0002859,-0.54426269
MIMAT0002858,1.955311531
MIMAT0000262,4.199387181
MIMAT0000261,3.497191897
MIMAT0000227,5.484373093
MIMAT0000226,-0.54426269
MIMAT0000091,2.768583245
MIMAT0000090,1.937879558
MIMAT0000074,5.089248297
MIMAT0000072,3.258905956
MIMAT0004674,6.051463167
MIMAT0004673,-0.54426269
MIMAT0004605,3.358283186
MIMAT0004604,3.20560781
MIMAT0003231,0.757561972
MIMAT0003230,4.377638928
MIMAT0003180,-0.54426269
MIMAT0003165,-0.54426269
MIMAT0002876,-0.54426269
MIMAT0002875,-0.54426269
MIMAT0007887,4.404899849
MIMAT0007886,5.084952714
MIMAT0006767,-0.54426269
MIMAT0006765,4.291366097
MIMAT0005940,-0.54426269
MIMAT0005939,5.524588124
MIMAT0004757,-0.54426269
MIMAT0004752,-0.54426269
MIMAT0004692,-0.54426269
MIMAT0004690,-0.54426269
MIMAT0018070,3.598114394
MIMAT0018069,-0.54426269
MIMAT0017994,-0.54426269
MIMAT0017993,-0.54426269
MIMAT0017352,4.282814223
MIMAT0015021,-0.54426269
MIMAT0015000,-0.54426269
MIMAT0015064,5.343032633
MIMAT0015004,-0.54426269
MIMAT0016916,8.170263903
MIMAT0019869,8.944388732
MIMAT0019831,10.19220397
MIMAT0019712,4.98515334
MIMAT0019765,-0.54426269
MIMAT0019755,6.73579551
MIMAT0019851,3.808243384
MIMAT0019233,6.018739583
MIMAT0019708,4.165128589
MIMAT0019969,5.590085692
MIMAT0019689,6.038441504
MIMAT0018977,8.152226634
MIMAT0019022,13.31379423
MIMAT0022492,1.955311531
MIMAT0022491,4.377831188
MIMAT0022475,3.590155005
MIMAT0022474,-0.54426269
MIMAT0022296,-0.54426269
MIMAT0022295,-0.54426269
MIMAT0019916,-0.54426269
MIMAT0019036,2.725130337
MIMAT0019751,-0.086810232
MIMAT0019955,3.541226128
MIMAT0027366,5.29856445
MIMAT0027365,8.315182504
MIMAT0027088,2.332145222
MIMAT0027041,1.7360211
MIMAT0026741,-0.54426269
MIMAT0026740,4.355583609
MIMAT0026639,1.758312265
MIMAT0026638,-0.54426269
MIMAT0022696,-0.54426269
MIMAT0022695,-0.54426269
MIMAT0027622,4.34306834
MIMAT0027621,4.689044641
MIMAT0027606,-0.54426269
MIMAT0027605,-0.54426269
MIMAT0027590,9.281714398
MIMAT0027589,1.977947518
MIMAT0027574,4.859205639
MIMAT0027573,2.777293863
MIMAT0004496,5.317220918
MIMAT0004495,-0.54426269
MIMAT0002838,5.05939644
MIMAT0002837,-0.54426269
MIMAT0002818,4.861518524
MIMAT0002817,3.390863691
MIMAT0002176,5.51592794
MIMAT0002175,-0.54426269
MIMAT0001621,1.677229312
MIMAT0001620,-0.54426269
MIMAT0005883,-0.54426269
MIMAT0005882,-0.54426269
MIMAT0005867,9.771723274
MIMAT0005866,5.613718892
MIMAT0004585,3.766817131
MIMAT0004584,2.829274862
MIMAT0004557,-0.420325062
MIMAT0004556,-0.54426269
MIMAT0004512,-0.54426269
MIMAT0004511,3.753487424
MIMAT0016849,9.270671051
MIMAT0016889,9.186659995
MIMAT0014992,-0.54426269
MIMAT0002832,-0.464608099
MIMAT0015043,-0.54426269
MIMAT0016911,-0.54426269
MIMAT0005918,1.568842675
MIMAT0005917,3.71555852
MIMAT0005900,-0.54426269
MIMAT0005899,5.146456519
MIMAT0019809,5.301004667
MIMAT0019050,7.394641944
MIMAT0018984,-0.54426269
MIMAT0018927,-0.54426269
MIMAT0019705,-0.54426269
MIMAT0019866,-0.54426269
MIMAT0019724,-0.54426269
MIMAT0019030,-0.54426269
MIMAT0015044,3.827698608
MIMAT0014988,3.104786501
MIMAT0019219,8.701276409
MIMAT0019212,10.07303902
MIMAT0021119,-0.54426269
MIMAT0021118,-0.54426269
MIMAT0021041,-0.54426269
MIMAT0021040,-0.54426269
MIMAT0019777,7.416210301
MIMAT0019950,-0.54426269
MIMAT0015081,-0.54426269
MIMAT0013515,-0.54426269
MIMAT0018933,4.709960769
MIMAT0019959,7.119172202
MIMAT0026482,-0.54426269
MIMAT0026481,-0.54426269
MIMAT0025856,10.55000597
MIMAT0025855,2.898620444
MIMAT0025487,7.355032264
MIMAT0025486,6.413529068
MIMAT0022276,-0.54426269
MIMAT0022275,2.753865514
MIMAT0022258,-0.459116809
MIMAT0022257,2.588201464
MIMAT0027554,4.850850679
MIMAT0027553,-0.54426269
MIMAT0027538,7.996551536
MIMAT0027537,-0.54426269
MIMAT0027522,-0.54426269
MIMAT0027521,5.245414011
MIMAT0027506,10.63253155
MIMAT0027505,3.600172453
MIMAT0026611,-0.54426269
MIMAT0026610,5.942885408
MIMAT0031180,10.39173932
MIMAT0031179,-0.54426269
MIMAT0031010,-0.54426269
MIMAT0031009,-0.54426269
MIMAT0030994,-0.54426269
MIMAT0030993,3.786281011
MIMAT0030431,4.273110121
MIMAT0030430,5.101709967
MIMAT0002854,-0.54426269
MIMAT0002853,3.491909604
MIMAT0000258,-0.54426269
MIMAT0000257,4.540749521
MIMAT0000103,-0.54426269
MIMAT0000102,-0.54426269
MIMAT0000087,-0.54426269
MIMAT0000086,1.785292933
MIMAT0000069,4.463150142
MIMAT0000068,-0.54426269
MIMAT0004658,-0.54426269
MIMAT0004657,-0.54426269
MIMAT0004601,-0.54426269
MIMAT0004600,1.15067766
MIMAT0003226,-0.54426269
MIMAT0003225,-0.54426269
MIMAT0003161,-0.54426269
MIMAT0003150,-0.54426269
MIMAT0002872,4.051638648
MIMAT0002871,-0.54426269
MIMAT0007883,8.550918796
MIMAT0007882,4.680470858
MIMAT0005955,-0.54426269
MIMAT0005953,-0.54426269
MIMAT0005935,-0.54426269
MIMAT0005934,-0.54426269
MIMAT0004748,7.650298649
MIMAT0004703,-0.54426269
MIMAT0004687,7.199947224
MIMAT0004686,-0.54426269
MIMAT0018006,4.094517547
MIMAT0018005,6.038122676
MIMAT0017990,-0.54426269
MIMAT0017989,-0.54426269
MIMAT0014980,-0.54426269
MIMAT0014997,5.045917878
MIMAT0015076,4.819107638
MIMAT0014991,-0.54426269
MIMAT0016925,-0.54426269
MIMAT0015032,0.295966874
MIMAT0019881,7.820870582
MIMAT0019806,8.512890632
MIMAT0019718,4.051638648
MIMAT0019772,3.634884058
MIMAT0019713,-0.54426269
MIMAT0019783,-0.54426269
MIMAT0019930,-0.54426269
MIMAT0019920,0.727745564
MIMAT0018936,-0.54426269
MIMAT0019062,-0.54426269
MIMAT0019845,7.402809712
MIMAT0019882,3.893497371
MIMAT0022488,1.501251925
MIMAT0022487,-0.54426269
MIMAT0022471,-0.54426269
MIMAT0022470,-0.54426269
MIMAT0022292,-0.54426269
MIMAT0022291,0.59046754
MIMAT0018931,5.882376194
MIMAT0019952,-0.54426269
MIMAT0019937,-0.54426269
MIMAT0019763,3.085912682
MIMAT0027362,5.058648287
MIMAT0027361,4.240172978
MIMAT0027036,-0.54426269
MIMAT0027032,-0.54426269
MIMAT0026737,-0.54426269
MIMAT0026736,-0.54426269
MIMAT0026627,-0.54426269
MIMAT0026626,-0.54426269
MIMAT0022692,-0.54426269
MIMAT0022691,7.707931803
MIMAT0027618,3.965544295
MIMAT0027617,4.985038075
MIMAT0027602,6.650113745
MIMAT0027601,4.309578553
MIMAT0027586,6.394057393
MIMAT0027585,2.676431763
MIMAT0027570,3.909676574
MIMAT0027569,5.101932664
MIMAT0004492,-0.54426269
MIMAT0004491,-0.54426269
MIMAT0002833,-0.54426269
MIMAT0002829,-0.54426269
MIMAT0002814,4.228652527
MIMAT0002812,-0.54426269
MIMAT0002172,4.315470613
MIMAT0002171,5.338634032
MIMAT0001541,0.457031548
MIMAT0001536,-0.54426269
MIMAT0005879,-0.54426269
MIMAT0005878,-0.54426269
MIMAT0005829,-0.54426269
MIMAT0005828,-0.54426269
MIMAT0004569,-0.54426269
MIMAT0004568,-0.54426269
MIMAT0004553,-0.54426269
MIMAT0004551,-0.54426269
MIMAT0004508,7.962574163
MIMAT0004507,-0.54426269
MIMAT0016864,4.80812032
MIMAT0015078,5.287604547
MIMAT0016868,5.033257229
MIMAT0013802,12.21687099
MIMAT0015090,-0.54426269
MIMAT0016863,-0.54426269
MIMAT0005914,-0.54426269
MIMAT0005913,-0.54426269
MIMAT0005896,-0.54426269
MIMAT0005895,1.599569871
MIMAT0019706,-0.54426269
MIMAT0019197,-0.54426269
MIMAT0019074,-0.54426269
MIMAT0019695,6.420760286
MIMAT0018959,-0.54426269
MIMAT0019051,4.484227121
MIMAT0019824,3.680501144
MIMAT0019893,4.475283339
MIMAT0013863,-0.54426269
MIMAT0016903,-0.54426269
MIMAT0019337,15.32887553
MIMAT0019946,6.583603988
MIMAT0021086,4.056964042
MIMAT0021085,3.254486186
MIMAT0021037,-0.54426269
MIMAT0021036,-0.54426269
MIMAT0019938,-0.54426269
MIMAT0019905,-0.54426269
MIMAT0019208,4.447579971
MIMAT0019229,11.5454628
MIMAT0018999,7.499707712
MIMAT0018966,7.483860496
MIMAT0026478,4.926777274
MIMAT0026477,6.653434805
MIMAT0025852,7.849857126
MIMAT0025851,2.423013839
MIMAT0025483,-0.54426269
MIMAT0025482,1.851673416
MIMAT0022272,-0.54426269
MIMAT0022271,4.238129886
MIMAT0021131,-0.54426269
MIMAT0021130,-0.54426269
MIMAT0027550,5.832049141
MIMAT0027549,-0.54426269
MIMAT0027534,2.038947074
MIMAT0027533,-0.54426269
MIMAT0027518,3.053910135
MIMAT0027517,-0.54426269
MIMAT0027502,-0.54426269
MIMAT0027501,5.373590904
MIMAT0026607,-0.54426269
MIMAT0026606,-0.54426269
MIMAT0031176,-0.54426269
MIMAT0031175,-0.54426269
MIMAT0031006,-0.54426269
MIMAT0031005,4.774076027
MIMAT0030990,8.827955504
MIMAT0030989,-0.54426269
MIMAT0030427,4.060177269
MIMAT0030426,4.543960972
MIMAT0002850,5.063241477
MIMAT0002849,5.152565914
MIMAT0000254,0.742727839
MIMAT0000252,3.702511346
MIMAT0000099,3.669094314
MIMAT0000098,4.402086629
MIMAT0000083,4.726286996
MIMAT0000082,5.36913958
MIMAT0000065,5.263666748
MIMAT0000064,4.707238467
MIMAT0004613,4.255334185
MIMAT0004612,-0.54426269
MIMAT0004597,5.616853569
MIMAT0004596,-0.54426269
MIMAT0003221,7.014477333
MIMAT0003220,4.654029307
MIMAT0002888,5.48562093
MIMAT0002883,4.988185035
MIMAT0002868,3.446319653
MIMAT0002867,4.990540837
MIMAT0007401,5.140320861
MIMAT0007400,5.757157687
MIMAT0005950,-0.54426269
MIMAT0005949,4.640851199
MIMAT0005931,4.113050043
MIMAT0005930,3.362751491
MIMAT0004700,4.860660012
MIMAT0004699,4.719018343
MIMAT0004682,4.432009514
MIMAT0004681,5.357577699
MIMAT0018002,11.90532247
MIMAT0018001,5.0828639
MIMAT0017986,-0.54426269
MIMAT0017985,-0.54426269
MIMAT0015075,6.553655605
MIMAT0016853,4.918805671
MIMAT0014983,0.175082867
MIMAT0016861,-0.54426269
MIMAT0015072,6.148336423
MIMAT0015030,6.295081266
MIMAT0019014,7.554536371
MIMAT0019953,10.02140502
MIMAT0019875,8.415662746
MIMAT0010214,5.457761861
MIMAT0019698,3.494124763
MIMAT0018979,2.380149841
MIMAT0018951,5.126648301
MIMAT0019702,4.643542066
MIMAT0019935,5.381208079
MIMAT0019741,5.622474745
MIMAT0018945,7.652389767
MIMAT0019901,5.973082538
MIMAT0022484,3.825941006
MIMAT0022483,0.14952532
MIMAT0022304,4.332145467
MIMAT0022303,4.650510906
MIMAT0022288,3.183153005
MIMAT0022287,-0.54426269
MIMAT0019080,-0.54426269
MIMAT0019924,6.003744685
MIMAT0019929,5.185540342
MIMAT0019025,4.710100623
MIMAT0027358,4.809496908
MIMAT0027357,2.360075927
MIMAT0026921,2.167999615
MIMAT0026917,3.540053769
MIMAT0026722,2.279752566
MIMAT0026721,5.218188849
MIMAT0026623,2.771118772
MIMAT0026622,8.037484751
MIMAT0022500,4.689869748
MIMAT0022499,5.637325416
MIMAT0031893,4.006369907
MIMAT0032110,-0.54426269
MIMAT0027614,4.48645454
MIMAT0027613,4.159983768
MIMAT0027598,7.056945579
MIMAT0027597,5.724927121
MIMAT0027582,5.257906611
MIMAT0027581,-0.54426269
MIMAT0027566,5.485702403
MIMAT0027565,5.154668485
MIMAT0003316,-0.54426269
MIMAT0003315,2.101587657
MIMAT0001412,-0.54426269
MIMAT0001343,4.726437609
MIMAT0000760,4.646532891
MIMAT0000759,3.329919992
MIMAT0000731,3.208308765
MIMAT0000730,0.578936657
MIMAT0000714,-0.54426269
MIMAT0000710, MIMAT0022834,5.29973861
MIMAT0004987,-0.54426269
MIMAT0004986,-0.54426269
MIMAT0004970,7.287942989
MIMAT0004960,-0.54426269
MIMAT0004488,-0.54426269
MIMAT0004487,2.308705944
MIMAT0003883,-0.54426269
MIMAT0003882,-0.54426269
MIMAT0003332,-0.54426269
MIMAT0003331,1.266079638
MIMAT0010133,6.051147204
MIMAT0009977,-0.54426269
MIMAT0010364,-0.54426269
MIMAT0010357,-0.54426269
MIMAT0015052,4.399362615
MIMAT0000276,-0.54426269
MIMAT0005825,-0.54426269
MIMAT0005824,-0.54426269
MIMAT0005592,5.613290908
MIMAT0005591,4.099900761
MIMAT0019827,-0.54426269
MIMAT0019868,10.6357442
MIMAT0019042,-0.54426269
MIMAT0019054,-0.54426269
MIMAT0019079,-0.54426269
MIMAT0018944,7.913570238
MIMAT0018353,-0.54426269
MIMAT0018352,8.169250973
MIMAT0016891,-0.54426269
MIMAT0002813,-0.54426269
MIMAT0019059,-0.54426269
MIMAT0019210,-0.54426269
MIMAT0019876,-0.54426269
MIMAT0019906,3.790445372
MIMAT0014986,5.300371903
MIMAT0019697,-0.54426269
MIMAT0018976,12.10710286
MIMAT0019015,-0.54426269
MIMAT0019870,2.805590151
MIMAT0019807,8.387543132
MIMAT0019061,2.914235466
MIMAT0019972,-0.54426269
MIMAT0025463,-0.54426269
MIMAT0025462,-0.54426269
MIMAT0024617,-0.54426269
MIMAT0024616,9.332323159
MIMAT0023710,10.01428624
MIMAT0023709,-0.54426269
MIMAT0021033,5.663993034
MIMAT0021030,-0.54426269
MIMAT0020958,-0.54426269
MIMAT0020957,-0.54426269
MIMAT0027498,8.494720328
MIMAT0027497,4.921025026
MIMAT0027482,9.704393195
MIMAT0027481,-0.54426269
MIMAT0027466,-0.54426269
MIMAT0027465,-0.54426269
MIMAT0027450,8.36243128
MIMAT0027449,-0.54426269
MIMAT0025479,3.800123772
MIMAT0025478,7.790023402
MIMAT0030423,-0.54426269
MIMAT0030422,6.860268073
MIMAT0030018,-0.54426269
MIMAT0030017,-0.54426269
MIMAT0028223,-0.54426269
MIMAT0028222,-0.54426269
MIMAT0028123,3.223592822
MIMAT0028122,-0.54426269
MIMAT0003251,-0.54426269
MIMAT0003250,-0.54426269
MIMAT0000680,3.623406338
MIMAT0000646,3.613875161
MIMAT0000449,3.86597698
MIMAT0000448,-0.54426269
MIMAT0000433,-0.54426269
MIMAT0000431,-0.54426269
MIMAT0000416,3.058986799
MIMAT0000415,3.621705107
MIMAT0004807,-0.54426269
MIMAT0004806, MIMAT0022738, MIMAT0022740,-0.54426269
MIMAT0004785,-0.54426269
MIMAT0004784,-0.54426269
MIMAT0003300,3.519115564
MIMAT0003299,-0.54426269
MIMAT0003284,-0.54426269
MIMAT0003283,3.875435631
MIMAT0003268,1.935882203
MIMAT0003267,-0.54426269
MIMAT0015067,-0.54426269
MIMAT0016848,-0.54426269
MIMAT0015061,2.603442079
MIMAT0000253,-0.54426269
MIMAT0015084,-0.54426269
MIMAT0015042,-0.54426269
MIMAT0004945,8.935692475
MIMAT0004929,-0.54426269
MIMAT0004912,-0.54426269
MIMAT0004911,6.120822831
MIMAT0018195,-0.54426269
MIMAT0018194,-0.54426269
MIMAT0018178,8.298122463
MIMAT0018165,5.859484346
MIMAT0018109,-0.54426269
MIMAT0018108,-0.54426269
MIMAT0018090,-0.54426269
MIMAT0018089,-0.54426269
MIMAT0015050,-0.54426269
MIMAT0016926,2.88463744
MIMAT0019056,1.948863264
MIMAT0019928,-0.54426269
MIMAT0019844,9.64643554
MIMAT0019033,3.421979953
MIMAT0019963,-0.54426269
MIMAT0019719,-0.54426269
MIMAT0018968,6.65774008
MIMAT0019964,5.642674481
MIMAT0019211,5.535966343
MIMAT0019927,-0.54426269
MIMAT0019823,-0.54426269
MIMAT0019910,3.709571183
MIMAT0022945,4.659659438
MIMAT0022943,12.01951623
MIMAT0004552,5.401698785
MIMAT0000250,-0.54426269
MIMAT0022725,-0.54426269
MIMAT0022724,-0.54426269
MIMAT0019934,-0.54426269
MIMAT0019974,-0.54426269
MIMAT0019720,-0.54426269
MIMAT0019710,4.47147995
MIMAT0027434,-0.54426269
MIMAT0027433,5.758005998
MIMAT0027418,5.347663271
MIMAT0027417,-0.54426269
MIMAT0027402,-0.54426269
MIMAT0027401,-0.54426269
MIMAT0027386,-0.54426269
MIMAT0027385,5.255200917
MIMAT0023694,5.057260164
MIMAT0023693,5.733716759
MIMAT0027690,5.812202574
MIMAT0027689,4.287930866
MIMAT0027674,7.443209652
MIMAT0027673,-0.54426269
MIMAT0027658,8.855136873
MIMAT0027657,1.443845713
MIMAT0027642,4.618291984
MIMAT0027641,3.665769587
MIMAT0003312,-0.54426269
MIMAT0003311,-0.54426269
MIMAT0001339,-0.54426269
MIMAT0001080,-0.54426269
MIMAT0000756,4.960155107
MIMAT0000755,5.151162588
MIMAT0000727,-0.54426269
MIMAT0000726,0.510540648
MIMAT0000703,4.880476531
MIMAT0000693,-0.54426269
MIMAT0004983,6.660057306
MIMAT0004982,7.222279569
MIMAT0004957,7.336684594
MIMAT0004956,-0.54426269
MIMAT0004484,-0.54426269
MIMAT0004482,1.661544241
MIMAT0003879,-0.54426269
MIMAT0003393,-0.54426269
MIMAT0003328,-0.54426269
MIMAT0003327,-0.54426269
MIMAT0009447,-0.54426269
MIMAT0009978,-0.54426269
MIMAT0010195,-0.54426269
MIMAT0009979,-0.54426269
MIMAT0015006,4.20345473
MIMAT0000241,-0.54426269
MIMAT0005799,-0.54426269
MIMAT0005798,-0.54426269
MIMAT0005586,6.839969731
MIMAT0005584,4.667232204
MIMAT0019035,3.748497345
MIMAT0019841,-0.54426269
MIMAT0018969,-0.54426269
MIMAT0018989, MIMAT0022707,-0.54426269
MIMAT0018446, MIMAT0022723,-0.54426269
MIMAT0018445,-0.54426269
MIMAT0018349,6.47215078
MIMAT0018206,-0.54426269
MIMAT0016904,-0.54426269
MIMAT0015026,4.820873929
MIMAT0019769,-0.54426269
MIMAT0019887,6.545271954
MIMAT0015069,5.003341833
MIMAT0016887,-0.54426269
MIMAT0020541,-0.54426269
MIMAT0019778,8.97989256
MIMAT0019859,13.60821138
MIMAT0019038,-0.54426269
MIMAT0018983,2.853636768
MIMAT0019957,7.040998801
MIMAT0019709,-0.54426269
MIMAT0018941,-0.54426269
MIMAT0025459,4.120679453
MIMAT0025458,-0.54426269
MIMAT0024613,-0.54426269
MIMAT0024612,-0.54426269
MIMAT0023706,4.55151218
MIMAT0023705,-0.54426269
MIMAT0021027,-0.54426269
MIMAT0021026,-0.54426269
MIMAT0019886,5.384794586
MIMAT0019688,3.682471244
MIMAT0027494,5.289612703
MIMAT0027493,5.509918647
MIMAT0027478,10.22852607
MIMAT0027477,-0.54426269
MIMAT0027462,9.540237312
MIMAT0027461,-0.54426269
MIMAT0027446,-0.54426269
MIMAT0027445,-0.54426269
MIMAT0025475,-0.54426269
MIMAT0025474,-0.54426269
MIMAT0030419,-0.54426269
MIMAT0030418,-0.54426269
MIMAT0028235,-0.54426269
MIMAT0028234,-0.54426269
MIMAT0028219,-0.54426269
MIMAT0028218,-0.54426269
MIMAT0028119,7.192092053
MIMAT0028118,3.081361415
MIMAT0003247,0.6863861
MIMAT0003246,-0.54426269
MIMAT0000462,-0.54426269
MIMAT0000461,4.616408465
MIMAT0000445,4.367539846
MIMAT0000444,-0.54426269
MIMAT0000428,3.161012487
MIMAT0000427,4.780443703
MIMAT0000281,-0.54426269
MIMAT0000280,6.187237668
MIMAT0004803,-0.54426269
MIMAT0004802,-0.009439091
MIMAT0004778,5.100479187
MIMAT0004777,-0.54426269
MIMAT0003296,-0.54426269
MIMAT0003295,-0.54426269
MIMAT0003280,3.986301584
MIMAT0003279,2.749026122
MIMAT0003264,3.902510634
MIMAT0003263,-0.54426269
MIMAT0014985,3.336585901
MIMAT0015028,6.790973337
MIMAT0016870,-0.54426269
MIMAT0016895,2.424439119
MIMAT0015020,-0.54426269
MIMAT0016865,5.386314405
MIMAT0004926,-0.54426269
MIMAT0004925,-0.54426269
MIMAT0004907,-0.54426269
MIMAT0004903,-0.54426269
MIMAT0018191,6.616428783
MIMAT0018190,-0.54426269
MIMAT0018121,-0.54426269
MIMAT0018120,-0.54426269
MIMAT0018105,7.005018227
MIMAT0018104,7.055155945
MIMAT0018086,-0.54426269
MIMAT0018085,12.16257062
MIMAT0016878,8.024974268
MIMAT0016905,3.452835027
MIMAT0018964,-0.54426269
MIMAT0019721,8.175778072
MIMAT0019711,11.17171949
MIMAT0019699,8.035561835
MIMAT0019072,5.088622757
MIMAT0019834,-0.54426269
MIMAT0018925,9.253499392
MIMAT0019691,9.612875943
MIMAT0019839,3.93638277
MIMAT0019947,8.520401903
MIMAT0019979,5.532363207
MIMAT0019742,-0.54426269
MIMAT0022940,2.92640627
MIMAT0022939,4.486291233
MIMAT0022833,5.4374821
MIMAT0022742,8.958872426
MIMAT0022720,-0.54426269
MIMAT0022719,-0.54426269
MIMAT0019083,-0.54426269
MIMAT0019731,-0.54426269
MIMAT0019040,-0.54426269
MIMAT0019970,-0.54426269
MIMAT0027430,9.640685387
MIMAT0027429,-0.54426269
MIMAT0027414,8.369832095
MIMAT0027413,4.883015119
MIMAT0027398,10.01436245
MIMAT0027397,-0.54426269
MIMAT0027382,-0.54426269
MIMAT0027381,-0.54426269
MIMAT0022984,-0.54426269
MIMAT0022979,4.980662439
MIMAT0027686,7.99521346
MIMAT0027685,3.50784406
MIMAT0027670,12.28193426
MIMAT0027669,2.382701683
MIMAT0027654,8.256140608
MIMAT0027653,-0.54426269
MIMAT0027638,13.91393242
MIMAT0027637,-0.54426269
MIMAT0003308,12.926914
MIMAT0003307,6.158420131
MIMAT0000772,4.676717454
MIMAT0000771,-0.54426269
MIMAT0000752,5.305956784
MIMAT0000751,-0.54426269
MIMAT0000722,6.130445042
MIMAT0000721,-0.54426269
MIMAT0000689,4.753446529
MIMAT0000688,1.450188508
MIMAT0004979,1.648128767
MIMAT0004978,2.846717903
MIMAT0004953,-0.54426269
MIMAT0004952,7.514942687
MIMAT0004185,-0.54426269
MIMAT0003948,4.595126376
MIMAT0003385,-0.54426269
MIMAT0003340,4.135516052
MIMAT0003324,-0.54426269
MIMAT0003323,-0.54426269
MIMAT0015035,-0.54426269
MIMAT0000690,7.520608713
MIMAT0009206,-0.54426269
MIMAT0009196,-0.54426269
MIMAT0016924,-0.54426269
MIMAT0016857,3.117872725
MIMAT0005795,-0.54426269
MIMAT0005794,-0.54426269
MIMAT0005580,-0.387316025
MIMAT0005577,3.089746761
MIMAT0019205,-0.54426269
MIMAT0019975,-0.54426269
MIMAT0019732,-0.54426269
MIMAT0018948,-0.54426269
MIMAT0018361,-0.54426269
MIMAT0018360,2.107387201
MIMAT0018203,-0.54426269
MIMAT0018202,-0.54426269
MIMAT0011160,-0.54426269
MIMAT0011159,0.126863076
MIMAT0019776,9.680664768
MIMAT0019032,14.31773977
MIMAT0019889,-0.54426269
MIMAT0019077,0.972304712
MIMAT0019814,-0.54426269
MIMAT0015031,-0.54426269
MIMAT0018996,-0.54426269
MIMAT0019055,-0.54426269
MIMAT0019006,4.424254124
MIMAT0019034,7.519311248
MIMAT0018946,-0.54426269
MIMAT0019933,3.20560781
MIMAT0025455,-0.54426269
MIMAT0025454,-0.54426269
MIMAT0024599,11.57553447
MIMAT0024598,12.15614399
MIMAT0023702,-0.54426269
MIMAT0023701,7.665836795
MIMAT0021023,-0.54426269
MIMAT0021022,-0.54426269
MIMAT0002835,-0.54426269
MIMAT0000453,-0.54426269
MIMAT0027490,6.861406941
MIMAT0027489,1.997734041
MIMAT0027474,10.19493824
MIMAT0027473,4.535538439
MIMAT0027458,7.090810635
MIMAT0027457,2.173538739
MIMAT0027442,8.742490949
MIMAT0027441,-0.54426269
MIMAT0025471,-0.54426269
MIMAT0025470,3.704426593
MIMAT0030415,-0.54426269
MIMAT0030414,7.498593566
MIMAT0028231,-0.54426269
MIMAT0028230,1.77074554
MIMAT0028215,-0.54426269
MIMAT0028214,-0.54426269
MIMAT0028115,7.688755651
MIMAT0028114,6.398113228
MIMAT0003243,-0.54426269
MIMAT0003242,-0.54426269
MIMAT0000458,-0.54426269
MIMAT0000457,-0.54426269
MIMAT0000441,-0.54426269
MIMAT0000440,6.840840468
MIMAT0000424,-0.54426269
MIMAT0000423,-0.54426269
MIMAT0000275,-0.54426269
MIMAT0000274,-0.54426269
MIMAT0004799,4.460358023
MIMAT0004798,2.322203216
MIMAT0004774,-0.54426269
MIMAT0004773,-0.54426269
MIMAT0003292,-0.54426269
MIMAT0003291,-0.54426269
MIMAT0003276,1.332431053
MIMAT0003275,-0.54426269
MIMAT0003259,-0.54426269
MIMAT0003258,-0.54426269
MIMAT0014982,-0.54426269
MIMAT0015013,-0.54426269
MIMAT0014977,-0.54426269
MIMAT0015015,-0.54426269
MIMAT0015070,6.103508922
MIMAT0016923,-0.54426269
MIMAT0004922,3.109688702
MIMAT0004921,-0.54426269
MIMAT0004819,-0.54426269
MIMAT0004814,-0.54426269
MIMAT0018187,-0.54426269
MIMAT0018186,-0.54426269
MIMAT0018117, MIMAT0018180, MIMAT0019009,-0.54426269
MIMAT0018116,-0.54426269
MIMAT0018101,2.364927651
MIMAT0018099,5.09683922
MIMAT0018082,-0.54426269
MIMAT0018081,-0.54426269
MIMAT0015377,-0.54426269
MIMAT0015079,8.392828964
MIMAT0019797,3.967140513
MIMAT0019960,3.788088285
MIMAT0018998,-0.54426269
MIMAT0019775,8.968254163
MIMAT0019885,8.464951119
MIMAT0019214,-0.54426269
MIMAT0019912,5.824110453
MIMAT0013518,-0.54426269
MIMAT0019069,9.202284944
MIMAT0019012,-0.54426269
MIMAT0019049,-0.54426269
MIMAT0019941,-0.54426269
MIMAT0022928,-0.54426269
MIMAT0022925,-0.54426269
MIMAT0022736,-0.54426269
MIMAT0022735,-0.54426269
MIMAT0022713,6.239666993
MIMAT0022712,-0.54426269
MIMAT0019754,-0.54426269
MIMAT0019931,-0.54426269
MIMAT0019802,-0.54426269
MIMAT0019855,7.006705561
MIMAT0027426,7.287144668
MIMAT0027425,-0.54426269
MIMAT0027410,-0.54426269
MIMAT0027409,2.658000645
MIMAT0027394,5.508143966
MIMAT0027393,5.414084351
MIMAT0027378,-0.54426269
MIMAT0027377,7.040460732
MIMAT0022975,-0.54426269
MIMAT0022970,-0.54426269
MIMAT0027682,7.185078698
MIMAT0027681,4.180875037
MIMAT0027666,-0.54426269
MIMAT0027665,-0.54426269
MIMAT0027650,7.679318587
MIMAT0027649,-0.54426269
MIMAT0027634,-0.54426269
MIMAT0027633,-0.54426269
MIMAT0003304,4.783031077
MIMAT0003303,2.70349093
MIMAT0000764,3.591921723
MIMAT0000763,-0.54426269
MIMAT0000737,-0.54426269
MIMAT0000736,-0.54426269
MIMAT0000718,-0.54426269
MIMAT0000717,-0.54426269
MIMAT0000684,0.853083027
MIMAT0000683,-0.54426269
MIMAT0004975,3.597482755
MIMAT0004974,-0.54426269
MIMAT0004949,3.87568502
MIMAT0004948,5.973082538
MIMAT0003887,-0.54426269
MIMAT0003886,2.298600521
MIMAT0003337,2.917012433
MIMAT0003336,7.087285562
MIMAT0003320,6.720845367
MIMAT0003319,-0.54426269
MIMAT0016892,3.197472316
MIMAT0016915,3.581845793
MIMAT0005911,7.532673955
MIMAT0004284,6.655663184
MIMAT0015071,3.844628389
MIMAT0016876,-0.54426269
MIMAT0005791,-0.54426269
MIMAT0005789,3.602228395
MIMAT0005572,7.512378249
MIMAT0005459,5.15962746
MIMAT0019024,4.413931091
MIMAT0019016,-0.54426269
MIMAT0018972,-0.54426269
MIMAT0018928,-0.54426269
MIMAT0018357,-0.54426269
MIMAT0018356,5.45242444
MIMAT0018199,-0.54426269
MIMAT0018198,-0.54426269
MIMAT0011156,3.353052773
MIMAT0016873,6.221645345
MIMAT0019004,-0.54426269
MIMAT0019000,4.34306834
MIMAT0019984,-0.54426269
MIMAT0019057,-0.54426269
MIMAT0016874,3.729817412
MIMAT0019944,-0.54426269
MIMAT0019045,13.42812975
MIMAT0018947,-0.54426269
MIMAT0019081,5.765081144
MIMAT0019758,-0.54426269
MIMAT0019044,5.062903221
MIMAT0019739,9.229563711
MIMAT0025451,-0.54426269
MIMAT0025450,-0.54426269
MIMAT0023714,13.66588601
MIMAT0023713,10.98727229
MIMAT0023698,5.859192261
MIMAT0023697,-0.54426269
MIMAT0021019,-0.54426269
MIMAT0021018,-0.54426269
MIMAT0019734,-0.54426269
MIMAT0019727,3.689629587
MIMAT0027486,5.475990692
MIMAT0027485,3.949982975
MIMAT0027470,8.32901898
MIMAT0027469,0.623226912
MIMAT0027454,7.334545186
MIMAT0027453,-0.54426269
MIMAT0027438,7.796418471
MIMAT0027437,1.480065855
MIMAT0025467,-0.54426269
MIMAT0025466,-0.54426269
MIMAT0030411,3.81589191
MIMAT0030021,4.451796305
MIMAT0028227,-0.54426269
MIMAT0028226,-0.54426269
MIMAT0028211,8.188209578
MIMAT0028126,3.310707894
MIMAT0028111,7.355466989
MIMAT0028110,3.539739051
MIMAT0003239,4.890805284
MIMAT0003238,-0.54426269
MIMAT0000454,4.272920786
MIMAT0000452,5.566585456
MIMAT0000437,4.960828091
MIMAT0000436,2.854970623
MIMAT0000420,-0.54426269
MIMAT0000419,-0.54426269
MIMAT0000271,5.639829022
MIMAT0000269,4.725784215
MIMAT0004795,5.496373894
MIMAT0004794,7.160627149
MIMAT0004768,-0.54426269
MIMAT0004767,5.2149327
MIMAT0003288,2.138239819
MIMAT0003287,4.378007244
MIMAT0003272,5.645667103
MIMAT0003271,0.539893442
MIMAT0003255,4.241492639
MIMAT0003254,5.276449205
MIMAT0016898,-0.54426269
MIMAT0016845,3.917445606
MIMAT0015012,-0.54426269
MIMAT0015039,-0.54426269
MIMAT0014998,-0.54426269
MIMAT0015034,-0.54426269
MIMAT0004918,2.373874487
MIMAT0004917,-0.54426269
MIMAT0004811,4.794977512
MIMAT0004810,-0.54426269
MIMAT0018183,3.518766898
MIMAT0018182,-0.54426269
MIMAT0018113,-0.54426269
MIMAT0018112,-0.54426269
MIMAT0018095,-0.54426269
MIMAT0018094,3.134595157
MIMAT0018078,-0.54426269
MIMAT0018077,2.356703594
MIMAT0016846,3.428605926
MIMAT0016880,6.984959156
MIMAT0019890,4.143987899
MIMAT0018943,6.540784958
MIMAT0019879,-0.54426269
MIMAT0019203,-0.54426269
MIMAT0019701,1.785292933
MIMAT0019816,-0.54426269
MIMAT0019216,5.616697723
MIMAT0019833,-0.54426269
MIMAT0019782,-0.54426269
MIMAT0019900,-0.54426269
MIMAT0019730,-0.54426269
MIMAT0019788,8.553087229
MIMAT0022862,-0.54426269
MIMAT0022861,-0.54426269
MIMAT0022731,3.758190534
MIMAT0022728,-0.54426269
MIMAT0022709,5.74561188
MIMAT0022708,-0.54426269
MIMAT0019770,4.213421729
MIMAT0019749,-0.54426269
MIMAT0019737,5.635546602
MIMAT0019838,8.661716339
MIMAT0027422,3.817119332
MIMAT0027421,4.545770737
MIMAT0027406,6.283300856
MIMAT0027405,4.557145979
MIMAT0027390,3.061539186
MIMAT0027389,4.128820202
MIMAT0027374,1.79251056
MIMAT0027373,5.410163154
MIMAT0022965,-0.54426269
MIMAT0022948,6.02612305
MIMAT0027678,6.934457794
MIMAT0027677,3.49223405
MIMAT0027662,4.977498695
MIMAT0027661,6.173124411
MIMAT0027646,3.97777642
MIMAT0027645,6.199721759
MIMAT0027630,6.217396309
MIMAT0027629,4.58612645
