MIMAT0004502,-0.584816904
MIMAT0004501,2.612442258
MIMAT0002844,4.511009013
MIMAT0002843,2.736335534
MIMAT0002824,6.523929219
MIMAT0002823,4.605574542
MIMAT0002807,5.318604531
MIMAT0002806,3.111909759
MIMAT0001635,4.430890505
MIMAT0001631,7.30319157
MIMAT0005890,4.778765437
MIMAT0005889,1.935634261
MIMAT0005873,-0.584816904
MIMAT0005872,4.550074084
MIMAT0004591,4.541242625
MIMAT0004590,-0.584816904
MIMAT0000232, MIMAT0004563,1.664086756
MIMAT0004562,3.961906891
MIMAT0004518,-0.584816904
MIMAT0004517,4.953622397
MIMAT0016907,11.06309507
MIMAT0016901,7.418516404
MIMAT0014994,5.044380136
MIMAT0016913,4.39658027
MIMAT0011777,5.27736157
MIMAT0011775,6.116948721
MIMAT0005924,-0.584816904
MIMAT0005923,-0.584816904
MIMAT0005906,-0.584816904
MIMAT0005905,5.588726224
MIMAT0018939,3.146605862
MIMAT0019949,-0.584816904
MIMAT0019764,-0.584816904
MIMAT0019200,5.522461802
MIMAT0019837,4.329512014
MIMAT0019204,-0.584816904
MIMAT0019811,-0.584816904
MIMAT0019358,-0.584816904
MIMAT0015068,4.465478213
MIMAT0015066,1.813961669
MIMAT0019017,4.896102034
MIMAT0019064,10.13373644
MIMAT0021125,-0.584816904
MIMAT0021124,-0.584816904
MIMAT0021079,-0.584816904
MIMAT0021046,0.291147907
MIMAT0019037,-0.584816904
MIMAT0019981,-0.584816904
MIMAT0019982,-0.584816904
MIMAT0019980,-0.584816904
MIMAT0019825,3.995798646
MIMAT0019725,3.683608132
MIMAT0026555,3.551454475
MIMAT0026554,-0.584816904
MIMAT0026472,1.099223062
MIMAT0022700,-0.584816904
MIMAT0025846,8.305357145
MIMAT0025845,-0.584816904
MIMAT0022282,-0.584816904
MIMAT0022281,-0.584816904
MIMAT0022266,-0.584816904
MIMAT0022265,3.7373164
MIMAT0027560,4.623736056
MIMAT0027559,4.625256882
MIMAT0027544,7.200087056
MIMAT0027543,4.497982109
MIMAT0027528,-0.584816904
MIMAT0027527,6.158682782
MIMAT0027512,6.286944642
MIMAT0027511,8.668168547
MIMAT0026617,3.625951834
MIMAT0026616,4.412314468
MIMAT0032116,5.892660404
MIMAT0031892,4.400753428
MIMAT0031016,6.962454189
MIMAT0031015,4.686135254
MIMAT0031000,8.340342146
MIMAT0030999,13.08556602
MIMAT0030984,-0.584816904
MIMAT0030983,1.919908986
MIMAT0002861,3.978470294
MIMAT0002860, MIMAT0006778,2.668192842
MIMAT0000264,-0.584816904
MIMAT0000263,3.911463595
MIMAT0000231,5.558302493
MIMAT0000228,4.575158747
MIMAT0000093,5.196263818
MIMAT0000092,7.059637772
MIMAT0000076,4.300124068
MIMAT0000075,3.328032683
MIMAT0004676,4.306953435
MIMAT0004675,-0.584816904
MIMAT0004607,4.384513434
MIMAT0004606,2.459310511
MIMAT0003233,4.748258101
MIMAT0003232,0.061672973
MIMAT0003215,-0.584816904
MIMAT0003214,-0.584816904
MIMAT0002878,4.184826055
MIMAT0002877,5.171424893
MIMAT0007889,5.981228531
MIMAT0007888,6.473977687
MIMAT0006790,5.410792093
MIMAT0006789,4.938979785
MIMAT0005942,6.61925733
MIMAT0005941,3.099683755
MIMAT0004762,8.175503607
MIMAT0004761,6.053488166
MIMAT0004694,6.998342567
MIMAT0004693,3.66092403
MIMAT0018072,6.910905157
MIMAT0018071,3.548372173
MIMAT0017996,6.62910496
MIMAT0017995,-0.584816904
MIMAT0017950,-0.584816904
MIMAT0017392,2.757392913
MIMAT0016921,3.477567775
MIMAT0015054,5.26550535
MIMAT0014999,4.500689972
MIMAT0016899,-0.584816904
MIMAT0018950,6.49705161
MIMAT0019052,7.385989221
MIMAT0019966,1.960858697
MIMAT0019767,-0.584816904
MIMAT0019826,6.155994856
MIMAT0019818,4.355849064
MIMAT0018954,1.531679273
MIMAT0018938,5.496259886
MIMAT0019976,3.183750147
MIMAT0019961,-0.584816904
MIMAT0019828,4.362982717
MIMAT0019714,5.774964716
MIMAT0022494,2.586746229
MIMAT0022493,-0.584816904
MIMAT0022478,-0.584816904
MIMAT0022476,4.577335315
MIMAT0022298,4.516469049
MIMAT0022297,5.558578045
MIMAT0019926,3.410374976
MIMAT0019878,12.1680867
MIMAT0018986,6.594829044
MIMAT0019962,3.389955132
MIMAT0027368,3.633700417
MIMAT0027367,3.367906641
MIMAT0027345,4.85295697
MIMAT0027103,6.009108468
MIMAT0026743,2.160544144
MIMAT0026742,-0.584816904
MIMAT0026641,-0.584816904
MIMAT0026640,4.030675022
MIMAT0022698,6.24614158
MIMAT0022697,2.275668226
MIMAT0027624,4.506795562
MIMAT0027623,8.412247538
MIMAT0027608,-0.584816904
MIMAT0027607,-0.584816904
MIMAT0027592,5.887431454
MIMAT0027591,5.09269007
MIMAT0027576,5.392228849
MIMAT0027575,8.588841433
MIMAT0004498,5.274885964
MIMAT0004497,-0.584816904
MIMAT0002840,2.595363586
MIMAT0002839,-0.584816904
MIMAT0002820,-0.584816904
MIMAT0002819,4.462767506
MIMAT0002178,-0.584816904
MIMAT0002177,6.232145926
MIMAT0001627,2.947105349
MIMAT0001625,5.386378867
MIMAT0005885,-0.584816904
MIMAT0005884,-0.584816904
MIMAT0005869,-0.584816904
MIMAT0005868,4.120732271
MIMAT0004587,-0.584816904
MIMAT0004586,-0.584816904
MIMAT0004559,-0.584816904
MIMAT0004558,-0.584816904
MIMAT0004514,5.152448154
MIMAT0004513,-0.584816904
MIMAT0015049,6.97940146
MIMAT0015086,-0.584816904
MIMAT0016920,-0.584816904
MIMAT0016908,3.946362097
MIMAT0016862,-0.584816904
MIMAT0015027,-0.584816904
MIMAT0005920,-0.584816904
MIMAT0005919,-0.584816904
MIMAT0005902,-0.584816904
MIMAT0005901,7.124691105
MIMAT0019021,6.269681691
MIMAT0018995,-0.584816904
MIMAT0019707,6.218274809
MIMAT0019977,-0.584816904
MIMAT0019722,6.566355189
MIMAT0019846,2.385041794
MIMAT0019943,-0.584816904
MIMAT0019026,-0.584816904
MIMAT0015033,-0.584816904
MIMAT0015007,3.971957969
MIMAT0019008,5.242772617
MIMAT0019053,12.55972244
MIMAT0021121,4.370914594
MIMAT0021120,5.854743655
MIMAT0021043,5.777636415
MIMAT0021042,-0.584816904
MIMAT0019361,-0.584816904
MIMAT0019813,-0.584816904
MIMAT0019971,-0.584816904
MIMAT0018990,-0.584816904
MIMAT0019781,4.536776081
MIMAT0019940,6.482389996
MIMAT0026484,-0.584816904
MIMAT0026483,-0.584816904
MIMAT0025858,4.525892313
MIMAT0025857,-0.584816904
MIMAT0025842,3.463645557
MIMAT0025841,-0.584816904
MIMAT0022278,-0.584816904
MIMAT0022277,-0.584816904
MIMAT0022260,6.661075117
MIMAT0022259,10.60492597
MIMAT0027556,3.856073188
MIMAT0027555,3.035339566
MIMAT0027540,8.773843713
MIMAT0027539,5.880115882
MIMAT0027524,6.916981397
MIMAT0027523,-0.584816904
MIMAT0027508,1.355449469
MIMAT0027507,4.653412982
MIMAT0026613,-0.584816904
MIMAT0026612,6.314570413
MIMAT0035703,-0.584816904
MIMAT0031181,-0.584816904
MIMAT0031012,5.112733284
MIMAT0031011,-0.584816904
MIMAT0030996,12.31529132
MIMAT0030995,-0.584816904
MIMAT0030980,-0.584816904
MIMAT0030979,6.886457429
MIMAT0002856,-0.584816904
MIMAT0002855,4.703511202
MIMAT0000260,1.932235753
MIMAT0000259,-0.584816904
MIMAT0000222,1.482954306
MIMAT0000104,5.992213882
MIMAT0000089,-0.584816904
MIMAT0000088,-0.584816904
MIMAT0000071,-0.584816904
MIMAT0000070,4.365503827
MIMAT0004672,5.066608691
MIMAT0004671,2.116979419
MIMAT0004603,-0.584816904
MIMAT0004602,5.374607255
MIMAT0003228,6.315105445
MIMAT0003227,4.377417681
MIMAT0003164,-0.584816904
MIMAT0003163,-0.584816904
MIMAT0002874,-0.584816904
MIMAT0002873,5.105859289
MIMAT0007885,4.06658128
MIMAT0007884,5.255495632
MIMAT0006764,4.245434617
MIMAT0005956,-0.584816904
MIMAT0005937,-0.584816904
MIMAT0005936,-0.584816904
MIMAT0004751,1.188329162
MIMAT0004749,-0.584816904
MIMAT0004689,-0.584816904
MIMAT0004688,3.08861571
MIMAT0018068,13.53656592
MIMAT0018065,0.907987416
MIMAT0017992,5.407312617
MIMAT0017991,-0.584816904
MIMAT0015025,-0.584816904
MIMAT0015038,4.000443422
MIMAT0014989,-0.584816904
MIMAT0015005,3.343319821
MIMAT0016872,2.984945761
MIMAT0016860,1.488604048
MIMAT0019735,6.327496976
MIMAT0019218,8.021316272
MIMAT0018942,4.417182773
MIMAT0019917,-0.584816904
MIMAT0019067,-0.584816904
MIMAT0019804,-0.584816904
MIMAT0019068,-0.584816904
MIMAT0019207,-0.584816904
MIMAT0018982,4.243798177
MIMAT0019848,6.001350871
MIMAT0019791,8.309075101
MIMAT0019716,-0.584816904
MIMAT0022490,4.54180023
MIMAT0022489,-0.584816904
MIMAT0022473,-0.584816904
MIMAT0022472,-0.584816904
MIMAT0022294,2.773083417
MIMAT0022293,-0.584816904
MIMAT0019835,6.93187746
MIMAT0019047,-0.584816904
MIMAT0019867,4.440720688
MIMAT0019692,6.677604931
MIMAT0027364,6.347561512
MIMAT0027363,5.420995913
MIMAT0027038,9.849861927
MIMAT0027037,-0.584816904
MIMAT0026739,-0.584816904
MIMAT0026738,-0.584816904
MIMAT0026637,-0.584816904
MIMAT0026636,5.763235858
MIMAT0022694,7.523707161
MIMAT0022693,13.95352236
MIMAT0027620,6.868418784
MIMAT0027619,5.260641658
MIMAT0027604,0.922934613
MIMAT0027603,-0.584816904
MIMAT0027588,1.18262391
MIMAT0027587,-0.584816904
MIMAT0027572,10.74801901
MIMAT0027571,-0.584816904
MIMAT0004494,4.870000063
MIMAT0004493,-0.584816904
MIMAT0002836,-0.584816904
MIMAT0002834,-0.584816904
MIMAT0002816,4.012381417
MIMAT0002815,-0.584816904
MIMAT0002174,4.135946665
MIMAT0002173,4.334023679
MIMAT0001618,4.858014986
MIMAT0001545,3.241392415
MIMAT0005881,4.045513716
MIMAT0005880,7.448102911
MIMAT0005865,6.692191509
MIMAT0005863,-0.584816904
MIMAT0004571,5.472385641
MIMAT0004570,3.751148985
MIMAT0004555,3.652175022
MIMAT0004554,4.695573241
MIMAT0004510,-0.584816904
MIMAT0004509,4.341726033
MIMAT0016896,5.750525658
MIMAT0015017,-0.584816904
MIMAT0015003,-0.584816904
MIMAT0002830,0.875750062
MIMAT0015010,8.07496107
MIMAT0016894,-0.584816904
MIMAT0005916,-0.584816904
MIMAT0005915,-0.584816904
MIMAT0005898,10.68598075
MIMAT0005897,-0.584816904
MIMAT0019843,5.315837287
MIMAT0019225,1.647612082
MIMAT0018926,1.616664839
MIMAT0018932,5.056436482
MIMAT0019224,2.214368859
MIMAT0019965,1.500408875
MIMAT0019819,-0.584816904
MIMAT0019857,4.98618466
MIMAT0016912,3.426496687
MIMAT0014984,6.284467424
MIMAT0018985,9.132126686
MIMAT0018967,9.503131777
MIMAT0021117,4.342045738
MIMAT0021116,-0.584816904
MIMAT0021039,6.881902584
MIMAT0021038,-0.584816904
MIMAT0019829,1.98564967
MIMAT0019043,5.528006124
MIMAT0020603,-0.584816904
MIMAT0019717,3.961906891
MIMAT0019842,5.564808191
MIMAT0020602,2.374794694
MIMAT0026480,-0.584816904
MIMAT0026479,-0.584816904
MIMAT0025854,9.294960078
MIMAT0025853,5.889379725
MIMAT0025485,2.518659754
MIMAT0025484,-0.584816904
MIMAT0022274,-0.584816904
MIMAT0022273,-0.584816904
MIMAT0022256,-0.584816904
MIMAT0022255,5.232932072
MIMAT0027552,7.611656696
MIMAT0027551,5.336151489
MIMAT0027536,3.769615862
MIMAT0027535,-0.584816904
MIMAT0027520,5.041186876
MIMAT0027519,-0.584816904
MIMAT0027504,9.433886537
MIMAT0027503,5.689579608
MIMAT0026609,5.483066895
MIMAT0026608,-0.584816904
MIMAT0031178,9.554533832
MIMAT0031177,-0.584816904
MIMAT0031008,-0.584816904
MIMAT0031007,-0.584816904
MIMAT0030992,-0.584816904
MIMAT0030991,6.20245811
MIMAT0030429,5.221551882
MIMAT0030428,-0.584816904
MIMAT0002852, MIMAT0002857,4.171281153
MIMAT0002851,-0.584816904
MIMAT0000256,1.078534547
MIMAT0000255,3.46482214
MIMAT0000101,5.670506031
MIMAT0000100,6.137152904
MIMAT0000085,4.002786016
MIMAT0000084,-0.584816904
MIMAT0000067,-0.584816904
MIMAT0000066,-0.584816904
MIMAT0004615,5.178610208
MIMAT0004614,6.521120982
MIMAT0004599,5.368719688
MIMAT0004598,3.199067676
MIMAT0003223,-0.584816904
MIMAT0003222,-0.584816904
MIMAT0002891,5.983361698
MIMAT0002890,5.444090009
MIMAT0002870,-0.584816904
MIMAT0002869,2.992942422
MIMAT0007881,11.84016053
MIMAT0007402,-0.584816904
MIMAT0005952,1.319499552
MIMAT0005951,9.117843868
MIMAT0005933,-0.584816904
MIMAT0005932,-0.584816904
MIMAT0004702,2.512098501
MIMAT0004701,-0.584816904
MIMAT0004685,1.332437249
MIMAT0004683,3.101857857
MIMAT0018004,-0.584816904
MIMAT0018003,7.654221885
MIMAT0017988,-0.584816904
MIMAT0017987,5.858838063
MIMAT0016914,-0.584816904
MIMAT0015058,9.128606017
MIMAT0016917,-0.584816904
MIMAT0014996,8.322867962
MIMAT0015011,4.075293971
MIMAT0015048,5.389343313
MIMAT0019808,6.916748153
MIMAT0019896,5.815994323
MIMAT0019973,1.520906425
MIMAT0019220,-0.584816904
MIMAT0019872,-0.584816904
MIMAT0019951,-0.584816904
MIMAT0019005,-0.584816904
MIMAT0019799,-0.584816904
MIMAT0019918,-0.584816904
MIMAT0019784,2.882763215
MIMAT0019745,-0.584816904
MIMAT0019041,10.55896116
MIMAT0022486,-0.584816904
MIMAT0022485,-0.584816904
MIMAT0022469,-0.584816904
MIMAT0022468,-0.584816904
MIMAT0022290,-0.584816904
MIMAT0022289,-0.584816904
MIMAT0019360,-0.584816904
MIMAT0019948,-0.584816904
MIMAT0019761,-0.584816904
MIMAT0019873,-0.584816904
MIMAT0027360,6.876953959
MIMAT0027359,12.21242749
MIMAT0027027,2.521170362
MIMAT0027026,3.808376518
MIMAT0026735,3.277541743
MIMAT0026734,-0.584816904
MIMAT0026625,-0.584816904
MIMAT0026624,-0.584816904
MIMAT0022502,-0.584816904
MIMAT0022501,4.766575562
MIMAT0032026,-0.584816904
MIMAT0027616,9.065815133
MIMAT0027615,-0.584816904
MIMAT0027600,11.11210429
MIMAT0027599,2.383254489
MIMAT0027584,-0.584816904
MIMAT0027583,8.661809687
MIMAT0027568,3.289019421
MIMAT0027567,3.943320228
MIMAT0004490,-0.584816904
MIMAT0004489,-0.584816904
MIMAT0002828,3.660811476
MIMAT0002827,-0.584816904
MIMAT0002811,-0.584816904
MIMAT0002810,-0.584816904
MIMAT0002170,-0.584816904
MIMAT0001639,-0.584816904
MIMAT0001532,2.405741388
MIMAT0001413,2.316058596
MIMAT0005877,4.084420523
MIMAT0005876,5.576946351
MIMAT0005827,-0.584816904
MIMAT0005826,6.208399793
MIMAT0004567,-0.584816904
MIMAT0004566,-0.584816904
MIMAT0004550,-0.584816904
MIMAT0004549,-0.584816904
MIMAT0004506,-0.584816904
MIMAT0004505,5.453483294
MIMAT0016886,-0.584816904
MIMAT0015082,10.55820517
MIMAT0013771,2.52720008
MIMAT0012735,7.724470466
MIMAT0016881,4.206781789
MIMAT0015057,5.97731949
MIMAT0005912,4.000038292
MIMAT0005909,-0.584816904
MIMAT0005894,3.744491503
MIMAT0005893,4.775555274
MIMAT0019748,-0.584816904
MIMAT0019968,-0.584816904
MIMAT0019228,-0.584816904
MIMAT0019892,6.911779542
MIMAT0018949,7.567831558
MIMAT0019897,3.691164155
MIMAT0018988,-0.584816904
MIMAT0019762,-0.584816904
MIMAT0015083,4.566360619
MIMAT0015019,6.247215274
MIMAT0019836,6.91254074
MIMAT0019073,6.663267826
MIMAT0021084,-0.584816904
MIMAT0021083,-0.584816904
MIMAT0021035,-0.584816904
MIMAT0021034,-0.584816904
MIMAT0019942,4.637563216
MIMAT0019801,4.211540744
MIMAT0019075,6.674241093
MIMAT0019932,5.870816333
MIMAT0018929,8.060224856
MIMAT0019922,4.281963757
MIMAT0026476,1.693603561
MIMAT0026475,5.714172083
MIMAT0025850,-0.584816904
MIMAT0025849,-0.584816904
MIMAT0025481,5.774794309
MIMAT0025480,1.007477466
MIMAT0022270,-0.584816904
MIMAT0022269,-0.584816904
MIMAT0021129,3.282886364
MIMAT0021128,6.485677348
MIMAT0027548,7.428707077
MIMAT0027547,4.664658588
MIMAT0027532,10.20678302
MIMAT0027531,-0.584816904
MIMAT0027516,8.05301985
MIMAT0027515,5.237524862
MIMAT0027500,8.064471235
MIMAT0027499,1.825392572
MIMAT0026605,-0.584816904
MIMAT0026559,5.558289837
MIMAT0031120,5.211116633
MIMAT0031119,2.21296911
MIMAT0031004,-0.584816904
MIMAT0031003,-0.584816904
MIMAT0030988,-0.584816904
MIMAT0030987,5.728238348
MIMAT0030425,-0.584816904
MIMAT0030424,4.310300278
MIMAT0002848,5.048896046
MIMAT0002847,-0.584816904
MIMAT0000251,-0.584816904
MIMAT0000245,4.912692796
MIMAT0000097,5.79268873
MIMAT0000096,5.000402404
MIMAT0000080,7.482156877
MIMAT0000079,4.32253504
MIMAT0000063,5.285001831
MIMAT0000062,-0.584816904
MIMAT0004611,-0.584816904
MIMAT0004610,7.330990876
MIMAT0004595,6.589843628
MIMAT0004594,2.106798773
MIMAT0003219,2.056542996
MIMAT0003218,6.927067563
MIMAT0002882,3.916777331
MIMAT0002881,-0.584816904
MIMAT0002866,5.29124064
MIMAT0002864,5.97888633
MIMAT0007399,5.75423129
MIMAT0007349,6.16026597
MIMAT0005948,-0.584816904
MIMAT0005945,-0.584816904
MIMAT0005929,7.893799622
MIMAT0005928,4.012469033
MIMAT0004698,4.816543407
MIMAT0004697,5.782098966
MIMAT0004680,-0.584816904
MIMAT0004679,7.641196265
MIMAT0018000,4.655216683
MIMAT0017999,-0.584816904
MIMAT0017984,-0.584816904
MIMAT0017983,3.698853412
MIMAT0014981,-0.584816904
MIMAT0016858,2.757392913
MIMAT0016850,3.498713482
MIMAT0016893,5.252774827
MIMAT0015060,1.630943997
MIMAT0007892,9.987721003
MIMAT0019925,5.716175563
MIMAT0019810,6.625508785
MIMAT0019199,3.396268086
MIMAT0019744,5.167536578
MIMAT0019832,1.333887986
MIMAT0019805,-0.584816904
MIMAT0019070,5.016957598
MIMAT0019894,4.698021144
MIMAT0019232,5.040047113
MIMAT0019223,5.607915508
MIMAT0019236,4.617669189
MIMAT0019862,6.786228953
MIMAT0022482,5.205713666
MIMAT0022481,-0.584816904
MIMAT0022302,-0.584816904
MIMAT0022301,-0.584816904
MIMAT0022286,4.751529154
MIMAT0022285,-0.584816904
MIMAT0019785,-0.439811233
MIMAT0019954,4.18490433
MIMAT0019796,5.100046847
MIMAT0019864,4.553946993
MIMAT0027356,5.914070987
MIMAT0027355,11.82940461
MIMAT0026916,7.185337042
MIMAT0026765,-0.584816904
MIMAT0026720,-0.584816904
MIMAT0026719,-0.584816904
MIMAT0026621,-0.584816904
MIMAT0026620,3.504568108
MIMAT0022498,-0.491628604
MIMAT0022497,4.476115243
MIMAT0033692,6.15953979
MIMAT0035704,3.455515782
MIMAT0027612,4.476470465
MIMAT0027611,-0.584816904
MIMAT0027596,7.049145084
MIMAT0027595,-0.584816904
MIMAT0027580,4.302427843
MIMAT0027579,5.186534298
MIMAT0027564,2.007351865
MIMAT0027563,5.462034152
MIMAT0003314,5.541462698
MIMAT0003313,3.496217158
MIMAT0001341,5.520373273
MIMAT0001340,6.180114184
MIMAT0000758,-0.584816904
MIMAT0000757,3.172277302
MIMAT0000729,4.783066249
MIMAT0000728,5.713182683
MIMAT0000707,-0.584816904
MIMAT0000705,4.950221867
MIMAT0004985,5.568748807
MIMAT0004984,5.876633812
MIMAT0004959,5.409537778
MIMAT0004958,4.819533967
MIMAT0004486,5.117333197
MIMAT0004485,2.447200162
MIMAT0003881,5.350557859
MIMAT0003880,7.264705891
MIMAT0003330,5.744848947
MIMAT0003329,5.368528082
MIMAT0016852,7.589039715
MIMAT0009201,-0.584816904
MIMAT0010313,12.87261529
MIMAT0010251,4.761133825
MIMAT0016888,3.98726845
MIMAT0000270,2.696061484
MIMAT0005823,-0.584816904
MIMAT0005800,-0.584816904
MIMAT0005589,6.549784839
MIMAT0005588,5.107136637
MIMAT0019883,6.382340577
MIMAT0019750,3.588374106
MIMAT0019861,-0.584816904
MIMAT0019359,-0.584816904
MIMAT0018935,-0.584816904
MIMAT0000724,-0.584816904
MIMAT0018351,3.503995923
MIMAT0018350,2.468206651
MIMAT0016909,4.573311452
MIMAT0000735,4.015682118
MIMAT0019726,3.68411335
MIMAT0019357,4.678861499
MIMAT0019039,-0.584816904
MIMAT0016918,2.943261139
MIMAT0019733,-0.584816904
MIMAT0019865,5.239818458
MIMAT0020601,5.869040814
MIMAT0019020,8.050546674
MIMAT0018952,0.367483111
MIMAT0019780,-0.584816904
MIMAT0019803,-0.584816904
MIMAT0019703,4.894841635
MIMAT0025461,4.62945811
MIMAT0025460,-0.584816904
MIMAT0024615,13.12409141
MIMAT0024614,2.298562466
MIMAT0023708,3.237807714
MIMAT0023707,1.447183406
MIMAT0021029,3.758944442
MIMAT0021028,-0.584816904
MIMAT0020956,6.828657736
MIMAT0020925,5.050378088
MIMAT0027496,10.29950915
MIMAT0027495,5.729366522
MIMAT0027480,5.65956244
MIMAT0027479,5.133981301
MIMAT0027464,6.76432466
MIMAT0027463,5.276153217
MIMAT0027448,6.949331681
MIMAT0027447,-0.584816904
MIMAT0025477,5.131432019
MIMAT0025476,7.116601677
MIMAT0030421,7.095046866
MIMAT0030420,7.379299094
MIMAT0029782,8.775182559
MIMAT0029310,-0.584816904
MIMAT0028221,-0.584816904
MIMAT0028220,6.021917639
MIMAT0028121,6.069801869
MIMAT0028120,5.834159547
MIMAT0003249,4.657789984
MIMAT0003248,5.654602811
MIMAT0000617,3.323361443
MIMAT0000510,6.79110834
MIMAT0000447,4.384513434
MIMAT0000446,-0.584816904
MIMAT0000430,4.291201705
MIMAT0000429,5.869287165
MIMAT0000414,-0.584816904
MIMAT0000318,-0.584816904
MIMAT0004805,3.867330749
MIMAT0004804,6.786673612
MIMAT0004780,7.244464743
MIMAT0004779,4.023821748
MIMAT0003298,4.047869225
MIMAT0003297,-0.584816904
MIMAT0003282,11.17475851
MIMAT0003281,0.880052595
MIMAT0003266,4.523637089
MIMAT0003265,4.922690278
MIMAT0016875,5.82962708
MIMAT0016906,6.21639408
MIMAT0015077,5.719970549
MIMAT0000243,4.899849893
MIMAT0016890,5.17160505
MIMAT0015008,4.750188383
MIMAT0004928,-0.584816904
MIMAT0004927,3.482474605
MIMAT0004910,2.870973877
MIMAT0004909,-0.584816904
MIMAT0018193,4.424019761
MIMAT0018192,6.224238687
MIMAT0018164,4.291936993
MIMAT0018122,1.521894891
MIMAT0018107,3.517783703
MIMAT0018106,-0.584816904
MIMAT0018088,2.857605801
MIMAT0018087,13.06836598
MIMAT0016855,-0.584816904
MIMAT0015029,5.586402436
MIMAT0019759,5.346860362
MIMAT0018930,3.706935822
MIMAT0019723,7.868098034
MIMAT0018953,2.619621995
MIMAT0019768,-0.584816904
MIMAT0019704,-0.584816904
MIMAT0019715,10.93446427
MIMAT0019871,9.741089236
MIMAT0019860,-0.584816904
MIMAT0019880,-0.584816904
MIMAT0019850,4.083954362
MIMAT0019902,5.06974595
MIMAT0022942,8.296126907
MIMAT0022941,9.720621209
MIMAT0022839,5.270894166
MIMAT0022838,6.594277132
MIMAT0022722, MIMAT0022733, MIMAT0022739,3.381398047
MIMAT0022721,7.565343229
MIMAT0019753,-0.584816904
MIMAT0019234,-0.584816904
MIMAT0019231,-0.584816904
MIMAT0019010,5.429453686
MIMAT0027432,7.543220246
MIMAT0027431,8.673810852
MIMAT0027416,2.786843013
MIMAT0027415,3.978058335
MIMAT0027400,6.363257495
MIMAT0027399,5.440872273
MIMAT0027384,0.510017068
MIMAT0027383,8.160744033
MIMAT0023252,13.48571599
MIMAT0023116,7.564513171
MIMAT0027688,5.210766033
MIMAT0027687,5.520139164
MIMAT0027672,4.305056926
MIMAT0027671,4.363120609
MIMAT0027656,2.537785418
MIMAT0027655,3.843511441
MIMAT0027640,6.592865983
MIMAT0027639,3.857710306
MIMAT0003310,1.974135174
MIMAT0003309,-0.584816904
MIMAT0001075,1.884208146
MIMAT0000773,-0.584816904
MIMAT0000754,3.773313822
MIMAT0000753,5.445198307
MIMAT0000725,6.609209112
MIMAT0000723,3.870342938
MIMAT0000692,-0.087429358
MIMAT0000691,3.404123583
MIMAT0004981,-0.584816904
MIMAT0004980,4.426068314
MIMAT0004955,3.740127236
MIMAT0004954,4.88811157
MIMAT0004481,3.423476799
MIMAT0004450,2.660002432
MIMAT0003389,-0.584816904
MIMAT0003386,-0.584816904
MIMAT0003326,12.29992872
MIMAT0003325,0.408245111
MIMAT0016859,6.106761577
MIMAT0009197,-0.584816904
MIMAT0009451,4.319683813
MIMAT0009203,5.177175845
MIMAT0000081,4.219150151
MIMAT0000073,3.183750147
MIMAT0005797,-0.584816904
MIMAT0005796,-0.584816904
MIMAT0005583,7.279175516
MIMAT0005582,11.23216018
MIMAT0019822,2.764842064
MIMAT0019693,3.939610723
MIMAT0019736,1.617125849
MIMAT0018447, MIMAT0022730,-0.584816904
MIMAT0018444,9.953166286
MIMAT0018443,-0.584816904
MIMAT0018205,7.405048804
MIMAT0018204,-0.584816904
MIMAT0011162,-0.584816904
MIMAT0011161,6.025885151
MIMAT0019740,6.689615997
MIMAT0018962,5.50443197
MIMAT0019760,-0.584816904
MIMAT0019001,-0.584816904
MIMAT0018974,-0.584816904
MIMAT0019812,5.065058763
MIMAT0019065,-0.584816904
MIMAT0019082,6.804111834
MIMAT0019884,-0.584816904
MIMAT0019909,-0.584816904
MIMAT0019048,-0.584816904
MIMAT0019746,4.352993793
MIMAT0025457,6.378184625
MIMAT0025456,-0.584816904
MIMAT0024611,-0.584816904
MIMAT0024610,4.831692351
MIMAT0023704,-0.584816904
MIMAT0023703,-0.584816904
MIMAT0021025,-0.584816904
MIMAT0021024,-0.584816904
MIMAT0015073,-0.584816904
MIMAT0009199,7.772152297
MIMAT0027492,6.083575637
MIMAT0027491,5.55118361
MIMAT0027476,-0.584816904
MIMAT0027475,5.241572306
MIMAT0027460,5.075447315
MIMAT0027459,-0.584816904
MIMAT0027444,4.686387443
MIMAT0027443,3.253543449
MIMAT0025473,-0.584816904
MIMAT0025472,-0.584816904
MIMAT0030417,-0.584816904
MIMAT0030416,-0.584816904
MIMAT0028233,-0.584816904
MIMAT0028232,-0.584816904
MIMAT0028217,-0.584816904
MIMAT0028216,-0.584816904
MIMAT0028117,6.749669272
MIMAT0028116,5.176996383
MIMAT0003245,-0.584816904
MIMAT0003244,5.083723636
MIMAT0000460,-0.584816904
MIMAT0000459,5.155467262
MIMAT0000443,4.432929332
MIMAT0000442,-0.584816904
MIMAT0000426,3.420108246
MIMAT0000425,3.896969937
MIMAT0000279,4.100989562
MIMAT0000278,2.793734254
MIMAT0004801,2.158589271
MIMAT0004800,6.453255364
MIMAT0004776,-0.584816904
MIMAT0004775,2.595597538
MIMAT0003294,4.412247609
MIMAT0003293,-0.584816904
MIMAT0003278,-0.584816904
MIMAT0003277,-0.584816904
MIMAT0003261,4.885088115
MIMAT0003260,-0.584816904
MIMAT0016869,2.545101583
MIMAT0015085,4.89345716
MIMAT0015041,10.07818514
MIMAT0014990,4.071909124
MIMAT0015046,-0.584816904
MIMAT0015016,-0.584816904
MIMAT0004924,-0.584816904
MIMAT0004923,2.594288829
MIMAT0004902,-0.584816904
MIMAT0004901,2.355903322
MIMAT0018189,3.829686361
MIMAT0018188,2.863860095
MIMAT0018119,-0.584816904
MIMAT0018118,-0.584816904
MIMAT0018103,1.921250542
MIMAT0018102,-0.584816904
MIMAT0018084,5.330804977
MIMAT0018083,-0.584816904
MIMAT0016902,-0.584816904
MIMAT0015018,0.206151094
MIMAT0019700,5.886029762
MIMAT0018956,4.203737006
MIMAT0019821,5.977445138
MIMAT0019849,8.435676561
MIMAT0019985,-0.584816904
MIMAT0019853,6.409343425
MIMAT0019919,5.913186179
MIMAT0019011,5.52130095
MIMAT0019071,13.59761572
MIMAT0019771,5.860514431
MIMAT0019221,4.17120267
MIMAT0018965,6.959727792
MIMAT0022938,9.008541695
MIMAT0022929,-0.584816904
MIMAT0022741,-0.584816904
MIMAT0022737,4.55139766
MIMAT0022717,4.629777906
MIMAT0022714,-0.584816904
MIMAT0019958,4.680578546
MIMAT0020600,-0.584816904
MIMAT0018958,4.706939321
MIMAT0019792,3.259125246
MIMAT0027428,-0.584816904
MIMAT0027427,7.029583427
MIMAT0027412,9.357393086
MIMAT0027411,-0.584816904
MIMAT0027396,5.935015967
MIMAT0027395,4.759030589
MIMAT0027380,-0.584816904
MIMAT0027379,-0.584816904
MIMAT0022978,-0.584816904
MIMAT0022977,9.537268908
MIMAT0027684,5.009409004
MIMAT0027683,1.444800297
MIMAT0027668,-0.584816904
MIMAT0027667,-0.584816904
MIMAT0027652,3.640887978
MIMAT0027651,4.334597314
MIMAT0027636,1.519138901
MIMAT0027635,4.718162835
MIMAT0003306,5.254098694
MIMAT0003305,-0.584816904
MIMAT0000770,4.670930237
MIMAT0000765,-0.584816904
MIMAT0000750,-0.584816904
MIMAT0000738,-0.584816904
MIMAT0000720,2.955496222
MIMAT0000719,-0.584816904
MIMAT0000687,3.134094294
MIMAT0000685,-0.584816904
MIMAT0004977,-0.584816904
MIMAT0004976,5.140331868
MIMAT0004951,6.887267937
MIMAT0004950,5.162148932
MIMAT0003945,3.664910956
MIMAT0003888,5.433931534
MIMAT0003339,-0.584816904
MIMAT0003338,-0.584816904
MIMAT0003322,4.540563295
MIMAT0003321,-0.584816904
MIMAT0016910,5.709521067
MIMAT0000686,-0.584816904
MIMAT0009448,5.353031331
MIMAT0009198,-0.584816904
MIMAT0016854,5.087396969
MIMAT0016866,-0.584816904
MIMAT0005793,5.515841546
MIMAT0005792,5.984307073
MIMAT0005576,5.487702583
MIMAT0005573,7.830221194
MIMAT0019729,5.846019228
MIMAT0019766,2.175615906
MIMAT0019202,-0.584816904
MIMAT0019877,4.864886587
MIMAT0018359,5.402717826
MIMAT0018358,-0.584816904
MIMAT0018201,4.015594697
MIMAT0018200,6.49391839
MIMAT0011158,4.18760061
MIMAT0011157,-0.584816904
MIMAT0019209,4.353311482
MIMAT0018992,4.547639229
MIMAT0019798,4.149300074
MIMAT0018961,6.777400693
MIMAT0016922,-0.584816904
MIMAT0015036,7.370810833
MIMAT0019058,-0.584816904
MIMAT0019956,12.88138563
MIMAT0019031,5.552091693
MIMAT0018975,-0.584816904
MIMAT0019911,-0.584816904
MIMAT0019738,4.375054079
MIMAT0025453,3.923877
MIMAT0025452,-0.584816904
MIMAT0024597,7.374161771
MIMAT0023715,13.84523762
MIMAT0023700,9.121502328
MIMAT0023699,-0.584816904
MIMAT0021021,9.317568077
MIMAT0021020,-0.584816904
MIMAT0015022,-0.584816904
MIMAT0020300,-0.584816904
MIMAT0027488,8.554581717
MIMAT0027487,3.423476799
MIMAT0027472,12.3068399
MIMAT0027471,5.057520916
MIMAT0027456,8.14184379
MIMAT0027455,5.248988172
MIMAT0027440,-0.584816904
MIMAT0027439,5.497266017
MIMAT0025469,4.105815015
MIMAT0025468,-0.584816904
MIMAT0030413,6.135091194
MIMAT0030412,-0.584816904
MIMAT0028229,-0.584816904
MIMAT0028228,-0.584816904
MIMAT0028213,2.297242102
MIMAT0028212,-0.584816904
MIMAT0028113,9.732989271
MIMAT0028112,4.458834911
MIMAT0003241,4.927603267
MIMAT0003240,6.188138483
MIMAT0000456,2.535057986
MIMAT0000455,-0.584816904
MIMAT0000439,3.805957728
MIMAT0000438,1.468960004
MIMAT0000422,5.468758562
MIMAT0000421,6.872677047
MIMAT0000273,4.054219278
MIMAT0000272,-0.584816904
MIMAT0004797,2.287681918
MIMAT0004796,-0.584816904
MIMAT0004772,3.401056448
MIMAT0004770,4.934907873
MIMAT0003290,5.555377379
MIMAT0003289,-0.584816904
MIMAT0003274,3.377168905
MIMAT0003273,-0.584816904
MIMAT0003257,3.772943045
MIMAT0003256,-0.584816904
MIMAT0015009,2.683426585
MIMAT0015088,-0.584816904
MIMAT0014979,2.813052442
MIMAT0015002,4.901153569
MIMAT0014995,4.33916299
MIMAT0016883,-0.584816904
MIMAT0004920,3.413898977
MIMAT0004919,0.441030485
MIMAT0004813,-0.584816904
MIMAT0004812,3.896969937
MIMAT0018185,4.041885924
MIMAT0018184,-0.584816904
MIMAT0018115,3.679451155
MIMAT0018114,-0.584816904
MIMAT0018098,-0.584816904
MIMAT0018097,-0.584816904
MIMAT0018080,4.017912243
MIMAT0018079,4.410789945
MIMAT0015089,2.611613097
MIMAT0015040,-0.584816904
MIMAT0019854,5.386878269
MIMAT0019002,-0.584816904
MIMAT0018994,10.75557408
MIMAT0019874,5.453302841
MIMAT0019217,-0.584816904
MIMAT0019904,5.740174475
MIMAT0019198,-0.584816904
MIMAT0018978,7.479112684
MIMAT0018981,9.463366638
MIMAT0019921,-0.584816904
MIMAT0019899,4.75369576
MIMAT0013517,2.741954115
MIMAT0022924,4.419544482
MIMAT0022923,-0.584816904
MIMAT0020924,7.866776286
MIMAT0022732,4.075377849
MIMAT0022711,-0.584816904
MIMAT0022710,4.458411003
MIMAT0019915,-0.584816904
MIMAT0018940,-0.584816904
MIMAT0019066,-0.584816904
MIMAT0018973,-0.584816904
MIMAT0027424,8.126563446
MIMAT0027423,2.13841726
MIMAT0027408,4.550013314
MIMAT0027407,4.075377849
MIMAT0027392,8.271392204
MIMAT0027391,-0.372888905
MIMAT0027376,-0.584816904
MIMAT0027375,7.703117541
MIMAT0022967,7.920781445
MIMAT0022966,-0.584816904
MIMAT0027680,5.688573379
MIMAT0027679,3.99067908
MIMAT0027664,-0.584816904
MIMAT0027663,2.998814698
MIMAT0027648,-0.584816904
MIMAT0027647,3.486280287
MIMAT0027632,-0.584816904
MIMAT0027631,6.346542609
MIMAT0003302,2.602627024
MIMAT0003301,-0.584816904
MIMAT0000762,6.309570351
MIMAT0000761,-0.584816904
MIMAT0000734,-0.584816904
MIMAT0000733,0.847172366
MIMAT0000716,5.220121671
MIMAT0000715,5.060872507
MIMAT0000682,-0.584816904
MIMAT0000681,4.819663407
MIMAT0004972,-0.584816904
MIMAT0004971,-0.584816904
MIMAT0004947,0.050552098
MIMAT0004946,-0.584816904
MIMAT0003885,-0.584816904
MIMAT0003884,2.627815464
MIMAT0003335,5.036974035
MIMAT0003333,4.663178756
MIMAT0003318,2.512098501
MIMAT0003317,4.309972975
MIMAT0010497,-0.584816904
MIMAT0010367,-0.584816904
MIMAT0015080,12.02335821
MIMAT0000432,-0.584816904
MIMAT0016919,5.10242173
MIMAT0016879,10.44931797
MIMAT0005788,-0.584816904
MIMAT0005593,5.407245752
MIMAT0005458,7.517328599
MIMAT0002831, MIMAT0005449, MIMAT0005450, MIMAT0005451, MIMAT0005452, MIMAT0005454,3.999543446
MIMAT0019898,-0.584816904
MIMAT0019907,3.333053513
MIMAT0019013,-0.584816904
MIMAT0019018,10.89357175
MIMAT0018355,2.780039137
MIMAT0018354,-0.584816904
MIMAT0018197,2.979376495
MIMAT0018196,4.021426022
MIMAT0015045,0.738573343
MIMAT0015023,5.870951442
MIMAT0019222,-0.584816904
MIMAT0019817,-0.584816904
MIMAT0016856,-0.584816904
MIMAT0015087,5.368685233
MIMAT0019891,-0.584816904
MIMAT0019820,6.17121515
MIMAT0018960,9.210072594
MIMAT0019856,3.686524727
MIMAT0019779,7.373231171
MIMAT0018987,10.56968682
MIMAT0019756,8.824684447
MIMAT0019852,7.569430823
MIMAT0024782,6.940205003
MIMAT0024618,-0.584816904
MIMAT0023712,11.9255492
MIMAT0023711,6.130435058
MIMAT0023696,0.766378891
MIMAT0023695,4.432995239
MIMAT0021017,-0.584816904
MIMAT0020959,-0.584816904
MIMAT0019895,-0.584816904
MIMAT0019230,-0.584816904
MIMAT0027484,6.948900026
MIMAT0027483,-0.584816904
MIMAT0027468,11.16430782
MIMAT0027467,4.030588505
MIMAT0027452,4.864440879
MIMAT0027451,-0.584816904
MIMAT0027436,9.660838065
MIMAT0027435,-0.584816904
MIMAT0025465,-0.584816904
MIMAT0025464,-0.584816904
MIMAT0030020,-0.584816904
MIMAT0030019,12.9842457
MIMAT0028225,-0.584816904
MIMAT0028224,-0.584816904
MIMAT0028125,7.218521967
MIMAT0028124,5.325059263
MIMAT0028109,5.94178867
MIMAT0027691,-0.584816904
MIMAT0003237,6.18356151
MIMAT0003236,-0.584816904
MIMAT0000451,-0.584816904
MIMAT0000450,5.0956882
MIMAT0000435,3.667977561
MIMAT0000434,0.904523074
MIMAT0000418,7.758668936
MIMAT0000417,-0.584816904
MIMAT0000268,4.972329542
MIMAT0000267,5.155063189
MIMAT0004793,-0.584816904
MIMAT0004792,9.697178402
MIMAT0004766,4.786362243
MIMAT0004765,4.641672166
MIMAT0003286,3.952480095
MIMAT0003285,5.164864978
MIMAT0003270,5.643046502
MIMAT0003269,1.07410975
MIMAT0003253,-0.315239108
MIMAT0003252,4.675310211
MIMAT0014987,3.896629619
MIMAT0016877,4.353698261
MIMAT0015014,-0.584816904
MIMAT0016882,5.30646435
MIMAT0015056,-0.584816904
MIMAT0015065,8.445289914
MIMAT0004916,-0.584816904
MIMAT0004913,-0.136513236
MIMAT0004809,-0.584816904
MIMAT0004808,6.700030649
MIMAT0018181, MIMAT0019007,0.363548459
MIMAT0018179,5.579013984
MIMAT0018111,-0.584816904
MIMAT0018110,4.716189194
MIMAT0018093,0.572443518
MIMAT0018091,1.331875651
MIMAT0018076,11.58081966
MIMAT0018075,5.074099327
MIMAT0016885,-0.584816904
MIMAT0016844,5.322664475
MIMAT0019226,5.307447698
MIMAT0019206,4.961422099
MIMAT0018997,-0.584816904
MIMAT0019914,-0.584816904
MIMAT0019728,-0.584816904
MIMAT0019790,4.820503459
MIMAT0019696,4.494306654
MIMAT0019235,-0.584816904
MIMAT0019029,4.152223258
MIMAT0019858,2.674082619
MIMAT0019003,7.432352597
MIMAT0019774,7.18594169
MIMAT0022844,-0.584816904
MIMAT0022842,-0.584816904
MIMAT0022727,-0.584816904
MIMAT0022726,3.221658221
MIMAT0022706,-0.584816904
MIMAT0022705,-0.584816904
MIMAT0019215,5.630058494
MIMAT0019078,-0.584816904
MIMAT0019023,5.303637655
MIMAT0018971,6.118236786
MIMAT0027420,6.981372147
MIMAT0027419,4.109661896
MIMAT0027404,10.85674195
MIMAT0027403,4.633590176
MIMAT0027388,6.117676152
MIMAT0027387,10.0469855
MIMAT0027372,4.76089437
MIMAT0027371,5.694142542
MIMAT0022947,8.338191177
MIMAT0022946,12.25813277
MIMAT0027676,-0.584816904
MIMAT0027675,5.25525136
MIMAT0027660,7.391570305
MIMAT0027659,6.302524302
MIMAT0027644,4.564896281
MIMAT0027643,5.282132975
MIMAT0027628,-0.584816904
MIMAT0027627,-0.584816904
MIMAT0004504,5.5352705
MIMAT0004503,5.459856219
MIMAT0002846,5.483180227
MIMAT0002845, MIMAT0005455, MIMAT0005456,5.736459036
MIMAT0002826,5.781299034
MIMAT0002825,5.691562789
MIMAT0002809,5.695117603
MIMAT0002808,4.830473777
MIMAT0001638,3.835962239
MIMAT0001636,3.377929678
MIMAT0005892,5.8649753
MIMAT0005891,4.438393419
MIMAT0005875,3.521497492
MIMAT0005874,5.713333575
MIMAT0004593,4.017912243
MIMAT0004592,4.464890309
MIMAT0004565,3.965325593
MIMAT0004564,3.705832719
MIMAT0004548,4.591553146
MIMAT0004543,5.697120447
MIMAT0015024,6.353015033
MIMAT0016867,6.281354892
MIMAT0015062,5.033764615
MIMAT0016851,7.040701089
MIMAT0012734,8.43733786
MIMAT0011778,4.184190184
MIMAT0005926,5.278532235
MIMAT0005925,3.31910012
MIMAT0005908,2.375069144
MIMAT0005907,3.054042959
MIMAT0018963,4.372413088
MIMAT0019747,3.75825508
MIMAT0019028,5.344341474
MIMAT0019794,4.182046684
MIMAT0019046,-0.584816904
MIMAT0018934,4.115874986
MIMAT0019830,4.560166954
MIMAT0019908,-0.584816904
MIMAT0016900,8.009983114
MIMAT0015378,3.755480087
MIMAT0018993,12.6826636
MIMAT0019815,7.94884461
MIMAT0021127,7.167092804
MIMAT0021126,1.252979034
MIMAT0021082,7.773151113
MIMAT0021081,3.917112929
MIMAT0019227,-0.584816904
MIMAT0019793,5.559618953
MIMAT0019840,-0.584816904
MIMAT0019694,-0.584816904
MIMAT0019363,4.798853005
MIMAT0019362,5.37084823
MIMAT0026558,-0.584816904
MIMAT0026557,1.772533813
MIMAT0026474,5.537477389
MIMAT0026473,-0.584816904
MIMAT0025848,5.789876326
MIMAT0025847,6.891841703
MIMAT0022284,2.936309861
MIMAT0022283,4.435696632
MIMAT0022268,-0.584816904
MIMAT0022267,4.940156164
MIMAT0027562,5.173263833
MIMAT0027561,3.538107975
MIMAT0027546,3.73293034
MIMAT0027545,-0.584816904
MIMAT0027530,5.578033698
MIMAT0027529,-0.584816904
MIMAT0027514,6.407161034
MIMAT0027513,1.366974152
MIMAT0026619,3.199929427
MIMAT0026618,-0.584816904
MIMAT0031890,-0.584816904
MIMAT0032029,7.957171292
MIMAT0031095,10.74793187
MIMAT0031074,-0.584816904
MIMAT0031002,3.210484064
MIMAT0031001,-0.584816904
MIMAT0030986,11.31508628
MIMAT0030985,-0.584816904
MIMAT0002863,2.87609403
MIMAT0002862, MIMAT0005457,5.86156812
MIMAT0000266,-0.584816904
MIMAT0000265,-0.584816904
MIMAT0000244,-0.584816904
MIMAT0000242,1.750221801
MIMAT0000095,-0.584816904
MIMAT0000094,-0.584816904
MIMAT0000078,7.525434173
MIMAT0000077,7.113344992
MIMAT0004678,4.959546223
MIMAT0004677,3.44529357
MIMAT0004609,9.829105854
MIMAT0004608,4.473780353
MIMAT0003235,3.680906897
MIMAT0003234,-0.584816904
MIMAT0003217,-0.584816904
MIMAT0003216,-0.584816904
MIMAT0002880,-0.584816904
MIMAT0002879,3.940641576
MIMAT0007891,6.113317864
MIMAT0007890,8.185513669
MIMAT0007348,6.770098234
MIMAT0007347,11.87480921
MIMAT0005944,-0.584816904
MIMAT0005943,3.029961835
MIMAT0004764,2.666948384
MIMAT0004763,3.965831698
MIMAT0004696,-0.584816904
MIMAT0004695,-0.584816904
MIMAT0018074,5.805059699
MIMAT0018073,-0.584816904
MIMAT0017998,0.824565885
MIMAT0017997,5.665500181
MIMAT0017982,3.030929542
MIMAT0017981,3.404736773
MIMAT0014978,4.56044215
MIMAT0015001,5.131617239
MIMAT0015053,5.447249437
MIMAT0016847,-0.584816904
MIMAT0019913,9.974231642
MIMAT0019690,5.552091693
MIMAT0019967,-0.584816904
MIMAT0019923,4.816363162
MIMAT0019213,6.612632617
MIMAT0019201,5.688420061
MIMAT0019787,3.505265444
MIMAT0019076,-0.584816904
MIMAT0019863,1.785357143
MIMAT0019847,5.62985357
MIMAT0019978,6.902647056
MIMAT0019786,-0.584816904
MIMAT0022496,5.250256634
MIMAT0022495,-0.584816904
MIMAT0022480,3.216779979
MIMAT0022479,-0.584816904
MIMAT0022300,-0.584816904
MIMAT0022299,-0.584816904
MIMAT0019945,-0.584816904
MIMAT0019789,2.901123148
MIMAT0019063,-0.584816904
MIMAT0019060,-0.584816904
MIMAT0027370,1.998344711
MIMAT0027369,0.01887946
MIMAT0027354,6.033413161
MIMAT0027353,10.30295726
MIMAT0026749,-0.584816904
MIMAT0026744,-0.584816904
MIMAT0026718,6.044753409
MIMAT0026717,2.296666633
MIMAT0022702,4.619840115
MIMAT0022701,3.005294633
MIMAT0027626,4.48905109
MIMAT0027625,3.747604252
MIMAT0027610,3.343180497
MIMAT0027609,3.052478595
MIMAT0027594,1.19241763
MIMAT0027593,3.333053513
MIMAT0027578,-0.584816904
MIMAT0027577,2.182466051
MIMAT0004500,4.17982198
MIMAT0004499,3.846926721
MIMAT0002842,3.468930034
MIMAT0002841,-0.584816904
MIMAT0002822,4.725732443
MIMAT0002821,-0.584816904
MIMAT0002805,3.046821158
MIMAT0002804,0.676734972
MIMAT0001630,4.824989299
MIMAT0001629,2.520038865
MIMAT0005887,-0.584816904
MIMAT0005886,-0.584816904
MIMAT0005871,7.255229607
MIMAT0005870,-0.584816904
MIMAT0004589,4.20119259
MIMAT0004588,-0.584816904
MIMAT0004561,8.111615283
MIMAT0004560,-0.584816904
MIMAT0004516,-0.584816904
MIMAT0004515,5.071248796
MIMAT0015055,11.55760317
MIMAT0016871,-0.584816904
MIMAT0016884,-0.584816904
MIMAT0015063,2.287681918
MIMAT0011163,6.187337241
MIMAT0016897,2.728524012
MIMAT0005922,10.97450093
MIMAT0005921,-0.584816904
MIMAT0005904,2.642666195
MIMAT0005903,-0.584816904
MIMAT0018980,4.932360034
MIMAT0019888,6.031982083
MIMAT0019743,7.599489355
MIMAT0018937,-0.584816904
MIMAT0019752,-0.584816904
MIMAT0019939,5.069468396
MIMAT0019795,-0.584816904
MIMAT0019936,-0.584816904
MIMAT0015037,-0.584816904
MIMAT0015051,-0.584816904
MIMAT0019757,8.140249621
MIMAT0019027,10.73618112
MIMAT0021123,6.469084819
MIMAT0021122,-0.584816904
MIMAT0021045,3.268289007
MIMAT0021044,-0.584816904
MIMAT0019773,3.900885877
MIMAT0013516,3.172119373
MIMAT0019019,2.884412028
MIMAT0019983,0.809826191
MIMAT0019903,9.712155674
MIMAT0018957,5.878265438
MIMAT0026486,11.55528511
MIMAT0026485,-0.584816904
MIMAT0021080,5.19342887
MIMAT0000732,-0.584816904
MIMAT0025844,6.26995245
MIMAT0025843,-0.584816904
MIMAT0022280,-0.584816904
MIMAT0022279,4.657018514
MIMAT0022264,-0.584816904
MIMAT0022263,-0.584816904
MIMAT0027558,7.414853521
MIMAT0027557,4.532295666
MIMAT0027542,9.75572581
MIMAT0027541,3.863671459
MIMAT0027526,6.256932411
MIMAT0027525,5.805433322
MIMAT0027510,10.48109488
MIMAT0027509,-0.584816904
MIMAT0026615,-0.584816904
MIMAT0026614,3.35351453
MIMAT0035542,3.640887978
MIMAT0032114, MIMAT0032115,-0.584816904
MIMAT0031014,5.922989547
MIMAT0031013,-0.584816904
MIMAT0030998,7.453996403
MIMAT0030997,1.053736593
MIMAT0030982,2.727757518
MIMAT0030981,-0.584816904
MIMAT0002859,5.555101215
MIMAT0002858,-0.584816904
MIMAT0000262,4.566146646
MIMAT0000261,3.729402874
MIMAT0000227,3.054384576
MIMAT0000226,-0.584816904
MIMAT0000091,-0.584816904
MIMAT0000090,3.099848693
MIMAT0000074,1.810669591
MIMAT0000072,3.981348891
MIMAT0004674,5.454454981
MIMAT0004673,-0.584816904
MIMAT0004605,-0.584816904
MIMAT0004604,-0.584816904
MIMAT0003231,1.231633303
MIMAT0003230,-0.584816904
MIMAT0003180,3.116991061
MIMAT0003165,-0.584816904
MIMAT0002876,3.972281588
MIMAT0002875,-0.584816904
MIMAT0007887,-0.584816904
MIMAT0007886,-0.584816904
MIMAT0006767,-0.584816904
MIMAT0006765,-0.584816904
MIMAT0005940,-0.584816904
MIMAT0005939,5.810736167
MIMAT0004757,3.853479608
MIMAT0004752,-0.584816904
MIMAT0004692,-0.584816904
MIMAT0004690,-0.584816904
MIMAT0018070,3.509010711
MIMAT0018069,-0.584816904
MIMAT0017994,-0.584816904
MIMAT0017993,-0.584816904
MIMAT0017352,3.714865523
MIMAT0015021,4.095768229
MIMAT0015000,-0.584816904
MIMAT0015064,5.322466652
MIMAT0015004,-0.584816904
MIMAT0016916,7.552784751
MIMAT0019869,5.64840557
MIMAT0019831,7.963951591
MIMAT0019712,5.40957127
MIMAT0019765,-0.584816904
MIMAT0019755,6.342184638
MIMAT0019851,4.647469509
MIMAT0019233,3.289019421
MIMAT0019708,3.628872151
MIMAT0019969,-0.584816904
MIMAT0019689,-0.584816904
MIMAT0018977,3.499537827
MIMAT0019022,12.97894458
MIMAT0022492,1.693603561
MIMAT0022491,6.006082453
MIMAT0022475,-0.584816904
MIMAT0022474,-0.584816904
MIMAT0022296,-0.584816904
MIMAT0022295,-0.584816904
MIMAT0019916,-0.584816904
MIMAT0019036,-0.584816904
MIMAT0019751,-0.584816904
MIMAT0019955,5.284762751
MIMAT0027366,5.796638228
MIMAT0027365,8.692940185
MIMAT0027088,-0.584816904
MIMAT0027041,-0.584816904
MIMAT0026741,2.823776086
MIMAT0026740,4.662922477
MIMAT0026639,4.360664623
MIMAT0026638,-0.584816904
MIMAT0022696,1.129848446
MIMAT0022695,4.165947421
MIMAT0027622,6.273023981
MIMAT0027621,5.424810982
MIMAT0027606,2.713977024
MIMAT0027605,-0.584816904
MIMAT0027590,10.41086185
MIMAT0027589,-0.584816904
MIMAT0027574,-0.584816904
MIMAT0027573,4.370600759
MIMAT0004496,5.558517837
MIMAT0004495,4.032968489
MIMAT0002838,-0.584816904
MIMAT0002837,-0.584816904
MIMAT0002818,-0.584816904
MIMAT0002817,-0.584816904
MIMAT0002176,-0.584816904
MIMAT0002175,4.287363975
MIMAT0001621,-0.584816904
MIMAT0001620,-0.584816904
MIMAT0005883,2.842698762
MIMAT0005882,2.756223099
MIMAT0005867,8.487694879
MIMAT0005866,-0.584816904
MIMAT0004585,-0.584816904
MIMAT0004584,2.772252949
MIMAT0004557,2.308505501
MIMAT0004556,-0.584816904
MIMAT0004512,4.176314889
MIMAT0004511,4.798619731
MIMAT0016849,10.16196269
MIMAT0016889,9.620638665
MIMAT0014992,-0.584816904
MIMAT0002832,4.205925164
MIMAT0015043,3.754413498
MIMAT0016911,1.812921724
MIMAT0005918,2.181346763
MIMAT0005917,-0.584816904
MIMAT0005900,-0.584816904
MIMAT0005899,4.335953007
MIMAT0019809,5.159064373
MIMAT0019050,6.899913808
MIMAT0018984,-0.584816904
MIMAT0018927,-0.584816904
MIMAT0019705,3.463517382
MIMAT0019866,-0.584816904
MIMAT0019724,-0.584816904
MIMAT0019030,-0.584816904
MIMAT0015044,-0.584816904
MIMAT0014988,-0.584816904
MIMAT0019219,9.326436733
MIMAT0019212,6.985555059
MIMAT0021119,-0.584816904
MIMAT0021118,-0.584816904
MIMAT0021041,-0.584816904
MIMAT0021040,5.082892035
MIMAT0019777,8.066737651
MIMAT0019950,-0.584816904
MIMAT0015081,-0.584816904
MIMAT0013515,2.713761504
MIMAT0018933,4.509896536
MIMAT0019959,4.469520854
MIMAT0026482,-0.584816904
MIMAT0026481,5.174162711
MIMAT0025856,10.50012293
MIMAT0025855,4.334345572
MIMAT0025487,7.355615892
MIMAT0025486,6.87016374
MIMAT0022276,3.687753166
MIMAT0022275,-0.584816904
MIMAT0022258,-0.584816904
MIMAT0022257,3.806058821
MIMAT0027554,5.597883834
MIMAT0027553,3.735642862
MIMAT0027538,8.318715475
MIMAT0027537,0.332962355
MIMAT0027522,-0.584816904
MIMAT0027521,3.648556966
MIMAT0027506,10.97107937
MIMAT0027505,4.511355748
MIMAT0026611,-0.584816904
MIMAT0026610,3.729510201
MIMAT0031180,9.923848268
MIMAT0031179,-0.584816904
MIMAT0031010,4.417723833
MIMAT0031009,-0.584816904
MIMAT0030994,1.234395512
MIMAT0030993,-0.584816904
MIMAT0030431,-0.584816904
MIMAT0030430,5.152590944
MIMAT0002854,2.545343829
MIMAT0002853,1.98129073
MIMAT0000258,-0.584816904
MIMAT0000257,3.624784233
MIMAT0000103,-0.584816904
MIMAT0000102,-0.584816904
MIMAT0000087,-0.584816904
MIMAT0000086,-0.584816904
MIMAT0000069,0.821700719
MIMAT0000068,2.586746229
MIMAT0004658,-0.584816904
MIMAT0004657,-0.584816904
MIMAT0004601,3.454331582
MIMAT0004600,-0.584816904
MIMAT0003226,-0.584816904
MIMAT0003225,-0.584816904
MIMAT0003161,-0.584816904
MIMAT0003150,-0.584816904
MIMAT0002872,-0.584816904
MIMAT0002871,3.930981003
MIMAT0007883,8.822322234
MIMAT0007882,4.2824433
MIMAT0005955,1.377552581
MIMAT0005953,3.965741203
MIMAT0005935,-0.584816904
MIMAT0005934,5.117455675
MIMAT0004748,7.945580752
MIMAT0004703,3.732335549
MIMAT0004687,7.419894445
MIMAT0004686,-0.584816904
MIMAT0018006,4.678916701
MIMAT0018005,5.725297323
MIMAT0017990,-0.584816904
MIMAT0017989,1.533923215
MIMAT0014980,-0.584816904
MIMAT0014997,3.825672438
MIMAT0015076,4.41984785
MIMAT0014991,-0.584816904
MIMAT0016925,-0.584816904
MIMAT0015032,2.928659314
MIMAT0019881,7.192430092
MIMAT0019806,8.390163453
MIMAT0019718,2.88314789
MIMAT0019772,4.211890636
MIMAT0019713,-0.584816904
MIMAT0019783,-0.584816904
MIMAT0019930,-0.584816904
MIMAT0019920,-0.584816904
MIMAT0018936,-0.584816904
MIMAT0019062,-0.584816904
MIMAT0019845,7.744416303
MIMAT0019882,5.347019892
MIMAT0022488,3.273667951
MIMAT0022487,-0.584816904
MIMAT0022471,-0.584816904
MIMAT0022470,-0.584816904
MIMAT0022292,-0.584816904
MIMAT0022291,-0.584816904
MIMAT0018931,5.206806662
MIMAT0019952,-0.584816904
MIMAT0019937,-0.584816904
MIMAT0019763,3.395651285
MIMAT0027362,5.277194148
MIMAT0027361,3.736723415
MIMAT0027036,-0.584816904
MIMAT0027032,-0.584816904
MIMAT0026737,-0.584816904
MIMAT0026736,-0.584816904
MIMAT0026627,-0.584816904
MIMAT0026626,-0.584816904
MIMAT0022692,-0.584816904
MIMAT0022691,8.728915573
MIMAT0027618,6.008985548
MIMAT0027617,5.057800778
MIMAT0027602,6.930465005
MIMAT0027601,5.985799108
MIMAT0027586,6.595269627
MIMAT0027585,-0.584816904
MIMAT0027570,3.504568108
MIMAT0027569,3.507423945
MIMAT0004492,-0.584816904
MIMAT0004491,-0.584816904
MIMAT0002833,3.683892573
MIMAT0002829,-0.584816904
MIMAT0002814,-0.584816904
MIMAT0002812,3.917207163
MIMAT0002172,-0.584816904
MIMAT0002171,-0.584816904
MIMAT0001541,-0.584816904
MIMAT0001536,1.091818354
MIMAT0005879,-0.584816904
MIMAT0005878,-0.584816904
MIMAT0005829,-0.584816904
MIMAT0005828,-0.584816904
MIMAT0004569,-0.584816904
MIMAT0004568,-0.584816904
MIMAT0004553,-0.584816904
MIMAT0004551,1.099223062
MIMAT0004508,7.894672508
MIMAT0004507,4.12668874
MIMAT0016864,5.223909086
MIMAT0015078,5.526801115
MIMAT0016868,-0.584816904
MIMAT0013802,12.00120733
MIMAT0015090,2.777941214
MIMAT0016863,-0.584816904
MIMAT0005914,-0.584816904
MIMAT0005913,3.469644806
MIMAT0005896,2.937342447
MIMAT0005895,3.512550754
MIMAT0019706,-0.584816904
MIMAT0019197,-0.584816904
MIMAT0019074,-0.584816904
MIMAT0019695,6.419666342
MIMAT0018959,-0.584816904
MIMAT0019051,4.879855773
MIMAT0019824,-0.584816904
MIMAT0019893,5.220257918
MIMAT0013863,-0.584816904
MIMAT0016903,-0.584816904
MIMAT0019337,14.96637036
MIMAT0019946,4.864886587
MIMAT0021086,-0.584816904
MIMAT0021085,5.217507778
MIMAT0021037,-0.584816904
MIMAT0021036,-0.584816904
MIMAT0019938,-0.584816904
MIMAT0019905,-0.584816904
MIMAT0019208,-0.584816904
MIMAT0019229,11.00418076
MIMAT0018999,5.881901809
MIMAT0018966,7.181899725
MIMAT0026478,-0.584816904
MIMAT0026477,6.383567715
MIMAT0025852,7.381787954
MIMAT0025851,5.438212954
MIMAT0025483,3.520931983
MIMAT0025482,-0.584816904
MIMAT0022272,-0.584816904
MIMAT0022271,4.578905823
MIMAT0021131,-0.584816904
MIMAT0021130,3.867775566
MIMAT0027550,6.344040691
MIMAT0027549,5.194669632
MIMAT0027534,-0.584816904
MIMAT0027533,3.609563717
MIMAT0027518,-0.584816904
MIMAT0027517,-0.584816904
MIMAT0027502,-0.584816904
MIMAT0027501,6.285133259
MIMAT0026607,3.750666709
MIMAT0026606,3.343319821
MIMAT0031176,-0.584816904
MIMAT0031175,-0.584816904
MIMAT0031006,-0.584816904
MIMAT0031005,3.580801242
MIMAT0030990,8.285589909
MIMAT0030989,-0.584816904
MIMAT0030427,2.681183247
MIMAT0030426,5.371196174
MIMAT0002850,-0.584816904
MIMAT0002849,2.070178787
MIMAT0000254,-0.584816904
MIMAT0000252,-0.584816904
MIMAT0000099,4.171563015
MIMAT0000098,3.809303105
MIMAT0000083,1.447701872
MIMAT0000082,5.308594456
MIMAT0000065,3.575911724
MIMAT0000064,-0.584816904
MIMAT0004613,2.863860095
MIMAT0004612,2.410786101
MIMAT0004597,-0.584816904
MIMAT0004596,-0.584816904
MIMAT0003221,7.276903191
MIMAT0003220,2.856514516
MIMAT0002888,-0.584816904
MIMAT0002883,-0.584816904
MIMAT0002868,2.948971303
MIMAT0002867,4.57019011
MIMAT0007401,5.276990239
MIMAT0007400,-0.584816904
MIMAT0005950,-0.584816904
MIMAT0005949,3.077295718
MIMAT0005931,2.789984028
MIMAT0005930,-0.584816904
MIMAT0004700,1.500408875
MIMAT0004699,-0.584816904
MIMAT0004682,5.612991984
MIMAT0004681,5.406088845
MIMAT0018002,11.50302455
MIMAT0018001,4.195337
MIMAT0017986,2.735360862
MIMAT0017985,3.357318932
MIMAT0015075,6.657764786
MIMAT0016853,3.564797319
MIMAT0014983,3.857164806
MIMAT0016861,-0.584816904
MIMAT0015072,5.277194148
MIMAT0015030,6.786241851
MIMAT0019014,5.088541786
MIMAT0019953,8.700519918
MIMAT0019875,-0.584816904
MIMAT0010214,5.371945469
MIMAT0019698,1.554434828
MIMAT0018979,-0.584816904
MIMAT0018951,5.263384495
MIMAT0019702,3.401190293
MIMAT0019935,4.258834107
MIMAT0019741,5.107472329
MIMAT0018945,7.301176671
MIMAT0019901,4.840779527
MIMAT0022484,3.857164806
MIMAT0022483,-0.584816904
MIMAT0022304,-0.584816904
MIMAT0022303,4.560227297
MIMAT0022288,4.286553899
MIMAT0022287,-0.584816904
MIMAT0019080,-0.584816904
MIMAT0019924,-0.584816904
MIMAT0019929,4.635361924
MIMAT0019025,5.018760337
MIMAT0027358,5.408774476
MIMAT0027357,-0.584816904
MIMAT0026921,4.21740708
MIMAT0026917,4.352993793
MIMAT0026722,-0.584816904
MIMAT0026721,0.950058974
MIMAT0026623,1.350365593
MIMAT0026622,7.103739923
MIMAT0022500,-0.085917608
MIMAT0022499,5.518047477
MIMAT0031893,2.487356655
MIMAT0032110,-0.584816904
MIMAT0027614,-0.422316811
MIMAT0027613,2.711996545
MIMAT0027598,7.193785514
MIMAT0027597,4.845929509
MIMAT0027582,3.035512027
MIMAT0027581,-0.584816904
MIMAT0027566,-0.584816904
MIMAT0027565,4.793765985
MIMAT0003316,5.525503009
MIMAT0003315,3.034374814
MIMAT0001412,4.760602714
MIMAT0001343,5.095919693
MIMAT0000760,5.89252715
MIMAT0000759,4.867778695
MIMAT0000731,5.21471431
MIMAT0000730,-0.584816904
MIMAT0000714,4.605632622
MIMAT0000710, MIMAT0022834,5.029200722
MIMAT0004987,3.616342123
MIMAT0004986,4.199029707
MIMAT0004970,8.105176439
MIMAT0004960,3.48164045
MIMAT0004488,4.669201662
MIMAT0004487,3.698680811
MIMAT0003883,4.412924187
MIMAT0003882,1.998344711
MIMAT0003332,0.739420539
MIMAT0003331,3.399691788
MIMAT0010133,7.449469171
MIMAT0009977,-0.584816904
MIMAT0010364,1.425073058
MIMAT0010357,-0.584816904
MIMAT0015052,5.357910471
MIMAT0000276,4.160230262
MIMAT0005825,-0.584816904
MIMAT0005824,-0.584816904
MIMAT0005592,5.896260556
MIMAT0005591,5.485354822
MIMAT0019827,5.118722802
MIMAT0019868,11.59875185
MIMAT0019042,3.157556403
MIMAT0019054,4.118200437
MIMAT0019079,2.546697678
MIMAT0018944,8.004629704
MIMAT0018353,4.290020628
MIMAT0018352,8.592924538
MIMAT0016891,4.820453077
MIMAT0002813,2.586746229
MIMAT0019059,4.351474982
MIMAT0019210,5.163377422
MIMAT0019876,2.520038865
MIMAT0019906,-0.584816904
MIMAT0014986,5.214577797
MIMAT0019697,1.554919429
MIMAT0018976,11.52437421
MIMAT0019015,5.281001596
MIMAT0019870,4.101367877
MIMAT0019807,8.347181309
MIMAT0019061,4.783117604
MIMAT0019972,3.526698148
MIMAT0025463,5.692594463
MIMAT0025462,2.704829468
MIMAT0024617,4.795117812
MIMAT0024616,9.653036825
MIMAT0023710,10.56874844
MIMAT0023709,5.020317215
MIMAT0021033,5.3529965
MIMAT0021030,4.104012186
MIMAT0020958,4.802062486
MIMAT0020957,5.349478907
MIMAT0027498,9.240382263
MIMAT0027497,6.687329258
MIMAT0027482,9.740388779
MIMAT0027481,6.26584421
MIMAT0027466,3.916683706
MIMAT0027465,0.033022253
MIMAT0027450,9.175717011
MIMAT0027449,5.38159522
MIMAT0025479,5.214539716
MIMAT0025478,8.520193594
MIMAT0030423,4.849036063
MIMAT0030422,8.28572378
MIMAT0030018,2.489812691
MIMAT0030017,-0.584816904
MIMAT0028223,2.689254622
MIMAT0028222,5.485563085
MIMAT0028123,-0.584816904
MIMAT0028122,4.146451343
MIMAT0003251,4.545018147
MIMAT0003250,5.345424274
MIMAT0000680,4.584689856
MIMAT0000646,4.319613002
MIMAT0000449,3.900885877
MIMAT0000448,4.90301236
MIMAT0000433,3.17858564
MIMAT0000431,5.647916465
MIMAT0000416,4.665426364
MIMAT0000415,4.104012186
MIMAT0004807,4.071354223
MIMAT0004806, MIMAT0022738, MIMAT0022740,4.708926015
MIMAT0004785,-0.584816904
MIMAT0004784,2.298562466
MIMAT0003300,0.441030485
MIMAT0003299,4.755138358
MIMAT0003284,0.322616043
MIMAT0003283,3.297480346
MIMAT0003268,2.069308112
MIMAT0003267,-0.584816904
MIMAT0015067,-0.584816904
MIMAT0016848,-0.584816904
MIMAT0015061,5.864815366
MIMAT0000253,-0.584816904
MIMAT0015084,-0.584816904
MIMAT0015042,3.687532945
MIMAT0004945,9.37080667
MIMAT0004929,-0.584816904
MIMAT0004912,3.691054682
MIMAT0004911,6.770085279
MIMAT0018195,4.965951887
MIMAT0018194,3.780991444
MIMAT0018178,8.404134075
MIMAT0018165,6.29008129
MIMAT0018109,-0.584816904
MIMAT0018108,4.2866988
MIMAT0018090,-0.584816904
MIMAT0018089,-0.584816904
MIMAT0015050,3.450775776
MIMAT0016926,4.035654849
MIMAT0019056,5.666550655
MIMAT0019928,0.734676754
MIMAT0019844,9.661436724
MIMAT0019033,7.04177427
MIMAT0019963,-0.584816904
MIMAT0019719,-0.315239108
MIMAT0018968,6.992243386
MIMAT0019964,6.699745857
MIMAT0019211,6.598860207
MIMAT0019927,4.189302013
MIMAT0019823,2.554452021
MIMAT0019910,4.179542257
MIMAT0022945,5.974087203
MIMAT0022943,13.20835186
MIMAT0004552,2.07051546
MIMAT0000250,-0.584816904
MIMAT0022725,-0.584816904
MIMAT0022724,2.642211735
MIMAT0019934,-0.584816904
MIMAT0019974,-0.584816904
MIMAT0019720,5.941531387
MIMAT0019710,-0.584816904
MIMAT0027434,2.492375668
MIMAT0027433,5.972537811
MIMAT0027418,4.496320512
MIMAT0027417,-0.584816904
MIMAT0027402,5.041273052
MIMAT0027401,-0.584816904
MIMAT0027386,2.83504622
MIMAT0027385,4.91410616
MIMAT0023694,5.764881424
MIMAT0023693,5.602031747
MIMAT0027690,8.074220053
MIMAT0027689,5.841120943
MIMAT0027674,8.411938557
MIMAT0027673,2.585902163
MIMAT0027658,10.04643252
MIMAT0027657,-0.584816904
MIMAT0027642,5.047283908
MIMAT0027641,4.698021144
MIMAT0003312,-0.584816904
MIMAT0003311,4.881081344
MIMAT0001339,4.389786056
MIMAT0001080,-0.584816904
MIMAT0000756,4.294109724
MIMAT0000755,2.698283306
MIMAT0000727,3.070794243
MIMAT0000726,4.095471723
MIMAT0000703,1.215569486
MIMAT0000693,-0.584816904
MIMAT0004983,8.332822042
MIMAT0004982,7.586531781
MIMAT0004957,8.410188752
MIMAT0004956,0.471048566
MIMAT0004484,4.431191497
MIMAT0004482,4.620104161
MIMAT0003879,-0.584816904
MIMAT0003393,4.20459493
MIMAT0003328,-0.584816904
MIMAT0003327,-0.584816904
MIMAT0009447,5.894928525
MIMAT0009978,4.511293747
MIMAT0010195,2.584347276
MIMAT0009979,-0.584816904
MIMAT0015006,4.802527541
MIMAT0000241,4.087561196
MIMAT0005799,3.937163808
MIMAT0005798,-0.584816904
MIMAT0005586,6.580032967
MIMAT0005584,5.021959753
MIMAT0019035,4.01157653
MIMAT0019841,-0.584816904
MIMAT0018969,-0.120770803
MIMAT0018989, MIMAT0022707,3.35781442
MIMAT0018446, MIMAT0022723,5.009654463
MIMAT0018445,4.804103958
MIMAT0018349,7.143721225
MIMAT0018206,-0.584816904
MIMAT0016904,5.583622459
MIMAT0015026,5.733683336
MIMAT0019769,-0.584816904
MIMAT0019887,7.578506437
MIMAT0015069,6.57832126
MIMAT0016887,-0.584816904
MIMAT0020541,-0.584816904
MIMAT0019778,9.102042003
MIMAT0019859,14.02680974
MIMAT0019038,-0.584816904
MIMAT0018983,5.070971531
MIMAT0019957,7.575946081
MIMAT0019709,-0.584816904
MIMAT0018941,4.48315969
MIMAT0025459,6.875198028
MIMAT0025458,-0.584816904
MIMAT0024613,3.563579953
MIMAT0024612,-0.584816904
MIMAT0023706,5.106760111
MIMAT0023705,0.609342659
MIMAT0021027,-0.584816904
MIMAT0021026,-0.584816904
MIMAT0019886,6.560857953
MIMAT0019688,5.380349198
MIMAT0027494,6.295177777
MIMAT0027493,6.015978612
MIMAT0027478,9.708202214
MIMAT0027477,5.321204086
MIMAT0027462,10.20732485
MIMAT0027461,-0.584816904
MIMAT0027446,-0.584816904
MIMAT0027445,4.313352986
MIMAT0025475,-0.584816904
MIMAT0025474,-0.584816904
MIMAT0030419,-0.584816904
MIMAT0030418,-0.584816904
MIMAT0028235,-0.584816904
MIMAT0028234,3.942898733
MIMAT0028219,1.628846103
MIMAT0028218,3.808275587
MIMAT0028119,8.042899376
MIMAT0028118,3.443170014
MIMAT0003247,2.493780123
MIMAT0003246,-0.584816904
MIMAT0000462,-0.584816904
MIMAT0000461,4.009336582
MIMAT0000445,-0.584816904
MIMAT0000444,-0.584816904
MIMAT0000428,3.896875018
MIMAT0000427,0.445805213
MIMAT0000281,0.211760086
MIMAT0000280,6.077158883
MIMAT0004803,2.991667141
MIMAT0004802,-0.584816904
MIMAT0004778,5.723482895
MIMAT0004777,-0.584816904
MIMAT0003296,-0.584816904
MIMAT0003295,-0.584816904
MIMAT0003280,5.075019909
MIMAT0003279,2.890852334
MIMAT0003264,3.910317635
MIMAT0003263,3.152457214
MIMAT0014985,1.679492821
MIMAT0015028,7.510522436
MIMAT0016870,4.493027876
MIMAT0016895,3.819810715
MIMAT0015020,-0.584816904
MIMAT0016865,6.139312247
MIMAT0004926,4.268778355
MIMAT0004925,4.372971198
MIMAT0004907,3.44210662
MIMAT0004903,0.846386156
MIMAT0018191,7.542098848
MIMAT0018190,-0.584816904
MIMAT0018121,4.25143169
MIMAT0018120,-0.584816904
MIMAT0018105,7.448585916
MIMAT0018104,8.211895389
MIMAT0018086,-0.584816904
MIMAT0018085,12.29917736
MIMAT0016878,7.908293494
MIMAT0016905,2.897154269
MIMAT0018964,-0.584816904
MIMAT0019721,8.696261334
MIMAT0019711,10.59773996
MIMAT0019699,8.369468191
MIMAT0019072,5.545914779
MIMAT0019834,-0.584816904
MIMAT0018925,10.23119898
MIMAT0019691,8.731944711
MIMAT0019839,5.933387343
MIMAT0019947,8.90700827
MIMAT0019979,5.189382813
MIMAT0019742,2.766214183
MIMAT0022940,4.862560123
MIMAT0022939,5.379068353
MIMAT0022833,5.278124767
MIMAT0022742,8.46259376
MIMAT0022720,-0.584816904
MIMAT0022719,-0.584816904
MIMAT0019083,3.43312237
MIMAT0019731,-0.584816904
MIMAT0019040,-0.584816904
MIMAT0019970,-0.584816904
MIMAT0027430,10.67833656
MIMAT0027429,-0.584816904
MIMAT0027414,9.057313575
MIMAT0027413,4.075462292
MIMAT0027398,9.780792208
MIMAT0027397,3.668487525
MIMAT0027382,2.422257471
MIMAT0027381,-0.584816904
MIMAT0022984,-0.584816904
MIMAT0022979,6.138687801
MIMAT0027686,9.359483817
MIMAT0027685,5.192441962
MIMAT0027670,10.77721133
MIMAT0027669,4.222826271
MIMAT0027654,7.979976281
MIMAT0027653,-0.584816904
MIMAT0027638,12.61205708
MIMAT0027637,3.783349033
MIMAT0003308,12.72649994
MIMAT0003307,4.566908602
MIMAT0000772,3.860645294
MIMAT0000771,-0.584816904
MIMAT0000752,4.508854605
MIMAT0000751,2.289589587
MIMAT0000722,6.925923888
MIMAT0000721,-0.584816904
MIMAT0000689,5.197502145
MIMAT0000688,2.836353198
MIMAT0004979,3.741204436
MIMAT0004978,3.184464511
MIMAT0004953,-0.584816904
MIMAT0004952,7.326998722
MIMAT0004185,-0.584816904
MIMAT0003948,5.197601752
MIMAT0003385,4.764614724
MIMAT0003340,4.592091645
MIMAT0003324,2.992942422
MIMAT0003323,4.314800798
MIMAT0015035,5.322431315
MIMAT0000690,7.709998205
MIMAT0009206,3.751253992
MIMAT0009196,3.182722961
MIMAT0016924,5.42960434
MIMAT0016857,3.059062946
MIMAT0005795,-0.584816904
MIMAT0005794,5.011133502
MIMAT0005580,5.457379476
MIMAT0005577,4.755619142
MIMAT0019205,5.325994773
MIMAT0019975,-0.584816904
MIMAT0019732,-0.584816904
MIMAT0018948,2.429766024
MIMAT0018361,4.192577824
MIMAT0018360,2.765051502
MIMAT0018203,2.181346763
MIMAT0018202,-0.584816904
MIMAT0011160,-0.584816904
MIMAT0011159,5.549106079
MIMAT0019776,9.037896344
MIMAT0019032,13.27814483
MIMAT0019889,1.049922717
MIMAT0019077,6.617620458
MIMAT0019814,-0.584816904
MIMAT0015031,-0.584816904
MIMAT0018996,3.041657862
MIMAT0019055,-0.584816904
MIMAT0019006,6.467822818
MIMAT0019034,8.327134211
MIMAT0018946,-0.584816904
MIMAT0019933,4.582973133
MIMAT0025455,3.809303105
MIMAT0025454,4.7443363
MIMAT0024599,11.6259222
MIMAT0024598,12.49381052
MIMAT0023702,5.163739727
MIMAT0023701,7.816389769
MIMAT0021023,4.246193599
MIMAT0021022,-0.584816904
MIMAT0002835,2.459310511
MIMAT0000453,2.544231141
MIMAT0027490,7.259062294
MIMAT0027489,5.988027831
MIMAT0027474,10.35684504
MIMAT0027473,3.847377873
MIMAT0027458,7.743733291
MIMAT0027457,5.215277061
MIMAT0027442,8.970582651
MIMAT0027441,2.764842064
MIMAT0025471,3.788422381
MIMAT0025470,5.661330536
MIMAT0030415,4.507491399
MIMAT0030414,7.827636401
MIMAT0028231,4.735509813
MIMAT0028230,6.504124843
MIMAT0028215,-0.584816904
MIMAT0028214,-0.584816904
MIMAT0028115,7.828429803
MIMAT0028114,6.962037862
MIMAT0003243,2.278347476
MIMAT0003242,-0.584816904
MIMAT0000458,-0.584816904
MIMAT0000457,-0.584816904
MIMAT0000441,-0.584816904
MIMAT0000440,6.33791133
MIMAT0000424,-0.584816904
MIMAT0000423,3.19497703
MIMAT0000275,-0.584816904
MIMAT0000274,-0.584816904
MIMAT0004799,-0.584816904
MIMAT0004798,-0.584816904
MIMAT0004774,-0.584816904
MIMAT0004773,-0.584816904
MIMAT0003292,-0.584816904
MIMAT0003291,-0.584816904
MIMAT0003276,4.540903
MIMAT0003275,-0.584816904
MIMAT0003259,-0.584816904
MIMAT0003258,2.365734561
MIMAT0014982,4.724068335
MIMAT0015013,5.027939416
MIMAT0014977,-0.584816904
MIMAT0015015,-0.584816904
MIMAT0015070,7.033865954
MIMAT0016923,-0.584816904
MIMAT0004922,-0.584816904
MIMAT0004921,-0.584816904
MIMAT0004819,-0.584816904
MIMAT0004814,-0.584816904
MIMAT0018187,3.256941404
MIMAT0018186,-0.584816904
MIMAT0018117, MIMAT0018180, MIMAT0019009,-0.584816904
MIMAT0018116,-0.584816904
MIMAT0018101,2.955496222
MIMAT0018099,6.416343717
MIMAT0018082,-0.584816904
MIMAT0018081,-0.584816904
MIMAT0015377,-0.584816904
MIMAT0015079,7.714870628
MIMAT0019797,4.560166954
MIMAT0019960,4.399216633
MIMAT0018998,3.94645444
MIMAT0019775,9.257207028
MIMAT0019885,9.142927414
MIMAT0019214,-0.584816904
MIMAT0019912,6.123863311
MIMAT0013518,4.467533123
MIMAT0019069,9.515914159
MIMAT0019012,5.011221193
MIMAT0019049,-0.584816904
MIMAT0019941,4.905179853
MIMAT0022928,2.283394745
MIMAT0022925,4.86745943
MIMAT0022736,4.802476871
MIMAT0022735,-0.584816904
MIMAT0022713,5.581154811
MIMAT0022712,-0.584816904
MIMAT0019754,-0.033291043
MIMAT0019931,-0.584816904
MIMAT0019802,-0.584816904
MIMAT0019855,8.965269832
MIMAT0027426,8.107732781
MIMAT0027425,3.116991061
MIMAT0027410,-0.584816904
MIMAT0027409,4.74245099
MIMAT0027394,5.650732775
MIMAT0027393,-0.584816904
MIMAT0027378,-0.584816904
MIMAT0027377,7.33920882
MIMAT0022975,-0.584816904
MIMAT0022970,-0.584816904
MIMAT0027682,7.324791722
MIMAT0027681,3.660298792
MIMAT0027666,-0.584816904
MIMAT0027665,5.645844085
MIMAT0027650,8.645134278
MIMAT0027649,-0.584816904
MIMAT0027634,-0.584816904
MIMAT0027633,-0.584816904
MIMAT0003304,3.094706546
MIMAT0003303,-0.584816904
MIMAT0000764,4.120277145
MIMAT0000763,-0.584816904
MIMAT0000737,-0.584816904
MIMAT0000736,-0.584816904
MIMAT0000718,-0.584816904
MIMAT0000717,-0.584816904
MIMAT0000684,-0.584816904
MIMAT0000683,3.656186167
MIMAT0004975,-0.584816904
MIMAT0004974,-0.584816904
MIMAT0004949,3.022618168
MIMAT0004948,7.140929126
MIMAT0003887,3.772839604
MIMAT0003886,-0.584816904
MIMAT0003337,5.966079991
MIMAT0003336,7.089227697
MIMAT0003320,6.198348916
MIMAT0003319,3.969565351
MIMAT0016892,5.044336996
MIMAT0016915,3.294321768
MIMAT0005911,8.114969483
MIMAT0004284,6.696474302
MIMAT0015071,-0.584816904
MIMAT0016876,3.41024198
MIMAT0005791,-0.584816904
MIMAT0005789,3.609795378
MIMAT0005572,7.134620074
MIMAT0005459,6.004465929
MIMAT0019024,-0.584816904
MIMAT0019016,-0.584816904
MIMAT0018972,5.254098694
MIMAT0018928,-0.584816904
MIMAT0018357,-0.584816904
MIMAT0018356,2.512098501
MIMAT0018199,-0.584816904
MIMAT0018198,-0.584816904
MIMAT0011156,4.20431997
MIMAT0016873,6.88862589
MIMAT0019004,0.291147907
MIMAT0019000,2.841398865
MIMAT0019984,3.139995416
MIMAT0019057,-0.584816904
MIMAT0016874,6.113109852
MIMAT0019944,-0.584816904
MIMAT0019045,13.14400717
MIMAT0018947,-0.584816904
MIMAT0019081,5.943934975
MIMAT0019758,2.658974783
MIMAT0019044,6.871858298
MIMAT0019739,9.642852096
MIMAT0025451,4.692117975
MIMAT0025450,-0.584816904
MIMAT0023714,13.27667061
MIMAT0023713,11.52233066
MIMAT0023698,7.120063946
MIMAT0023697,-0.584816904
MIMAT0021019,-0.584816904
MIMAT0021018,-0.584816904
MIMAT0019734,3.853928715
MIMAT0019727,-0.584816904
MIMAT0027486,4.889815931
MIMAT0027485,4.564621934
MIMAT0027470,8.895059143
MIMAT0027469,3.419236329
MIMAT0027454,8.135128334
MIMAT0027453,4.98356534
MIMAT0027438,7.733969663
MIMAT0027437,5.456673275
MIMAT0025467,2.953821202
MIMAT0025466,-0.584816904
MIMAT0030411,5.353824695
MIMAT0030021,2.603092541
MIMAT0028227,-0.584816904
MIMAT0028226,-0.584816904
MIMAT0028211,7.876457298
MIMAT0028126,6.19571453
MIMAT0028111,8.041580744
MIMAT0028110,5.803317601
MIMAT0003239,6.785287946
MIMAT0003238,2.580250068
MIMAT0000454,5.603976155
MIMAT0000452,-0.584816904
MIMAT0000437,5.524436975
MIMAT0000436,1.84178198
MIMAT0000420,1.19241763
MIMAT0000419,-0.584816904
MIMAT0000271,5.719081538
MIMAT0000269,-0.584816904
MIMAT0004795,5.069468396
MIMAT0004794,6.745528563
MIMAT0004768,4.564287362
MIMAT0004767,4.866124935
MIMAT0003288,3.400709484
MIMAT0003287,5.287626388
MIMAT0003272,5.289914293
MIMAT0003271,3.380911518
MIMAT0003255,5.206768375
MIMAT0003254,5.496372399
MIMAT0016898,5.498527216
MIMAT0016845,3.172592041
MIMAT0015012,2.602627024
MIMAT0015039,-0.584816904
MIMAT0014998,-0.584816904
MIMAT0015034,-0.584816904
MIMAT0004918,3.996700961
MIMAT0004917,3.366511179
MIMAT0004811,5.494133264
MIMAT0004810,4.879414666
MIMAT0018183,5.250219483
MIMAT0018182,-0.584816904
MIMAT0018113,-0.584816904
MIMAT0018112,4.048654122
MIMAT0018095,5.135683887
MIMAT0018094,5.76843148
MIMAT0018078,4.675111427
MIMAT0018077,-0.584816904
MIMAT0016846,5.375355013
MIMAT0016880,7.48462752
MIMAT0019890,4.230181793
MIMAT0018943,7.133465016
MIMAT0019879,6.116013329
MIMAT0019203,-0.584816904
MIMAT0019701,3.864758006
MIMAT0019816,-0.584816904
MIMAT0019216,6.019562339
MIMAT0019833,3.052478595
MIMAT0019782,5.835676699
MIMAT0019900,-0.584816904
MIMAT0019730,4.435696632
MIMAT0019788,8.92209791
MIMAT0022862,3.987588047
MIMAT0022861,3.997107631
MIMAT0022731,4.438458634
MIMAT0022728,-0.584816904
MIMAT0022709,6.282587688
MIMAT0022708,-0.584816904
MIMAT0019770,5.212342282
MIMAT0019749,5.054875291
MIMAT0019737,5.558517837
MIMAT0019838,8.852284706
MIMAT0027422,3.939941679
MIMAT0027421,5.627886368
MIMAT0027406,6.832054456
MIMAT0027405,6.418486071
MIMAT0027390,3.999632447
MIMAT0027389,4.871234031
MIMAT0027374,4.211037041
MIMAT0027373,6.996841237
MIMAT0022965,5.813136701
MIMAT0022948,7.052658257
MIMAT0027678,7.86845301
MIMAT0027677,3.414508027
MIMAT0027662,5.167418278
MIMAT0027661,7.285490137
MIMAT0027646,3.800844325
MIMAT0027645,7.023216127
MIMAT0027630,6.400526463
MIMAT0027629,6.124514472
